
rank ,                 name ,    med   ,  iqr 
----------------------------------------------------
   1 ,          grid_SVM_25 ,    0.0   ,  0.0 (*              |              ), 0.00,  0.00,  0.00,  0.00,  0.00
   1 ,           de_SVM_100 ,    0.0   ,  0.0 (*              |              ), 0.00,  0.00,  0.00,  0.00,  0.00
   1 ,        random_SVM_50 ,    0.01   , 0.02 (*              |              ), 0.00,  0.00,  0.01,  0.01,  0.02
   1 ,       random_SVM_100 ,    0.01   , 0.02 (*              |              ), 0.00,  0.00,  0.01,  0.01,  0.02
   1 ,            de_SVM_50 ,    0.01   , 0.02 (*              |              ), 0.00,  0.00,  0.01,  0.01,  0.02
   1 ,        random_SVM_25 ,    0.01   , 0.02 (*              |              ), 0.00,  0.00,  0.01,  0.01,  0.02
   2 ,            de_SVM_25 ,    0.02   , 0.01 (-*             |              ), 0.00,  0.02,  0.02,  0.02,  0.03
   2 ,          grid_SVM_50 ,    0.03   ,  0.0 (  *            |              ), 0.03,  0.03,  0.03,  0.03,  0.03
   3 ,         grid_SVM_100 ,    0.06   ,  0.0 (    *          |              ), 0.06,  0.06,  0.06,  0.06,  0.06
   4 ,         smac_KNN_100 ,    0.13   , 0.05 (      --- *--- |              ), 0.08,  0.12,  0.12,  0.12,  0.17
   4 ,          smac_KNN_25 ,    0.15   , 0.06 (      ----- *--|              ), 0.08,  0.14,  0.15,  0.15,  0.20
   4 ,          smac_KNN_50 ,    0.18   , 0.07 (      ------  *|-             ), 0.08,  0.15,  0.18,  0.18,  0.22
   5 ,          grid_DTC_25 ,    0.21   , 0.07 (     ------    | *            ), 0.07,  0.14,  0.21,  0.21,  0.21
   5 ,         smac_DTC_100 ,    0.21   , 0.06 (               | *            ), 0.15,  0.15,  0.21,  0.21,  0.21
   5 ,          smac_SVM_25 ,    0.18   , 0.03 (               *-             ), 0.18,  0.18,  0.18,  0.18,  0.21
   5 ,        random_RF_100 ,    0.21   , 0.07 (               |*--           ), 0.16,  0.17,  0.21,  0.21,  0.24
   5 ,         random_RF_50 ,    0.21   , 0.07 (               |*--           ), 0.16,  0.17,  0.21,  0.21,  0.24
   5 ,         random_RF_25 ,    0.21   , 0.07 (               |*--           ), 0.16,  0.17,  0.21,  0.21,  0.24
   5 ,          smac_SVM_50 ,    0.2   , 0.03 (               |*             ), 0.17,  0.18,  0.20,  0.20,  0.21
   5 ,         grid_DTC_100 ,    0.19   , 0.08 (           --- *-----         ), 0.14,  0.18,  0.19,  0.19,  0.26
   6 ,           de_DTC_100 ,    0.21   , 0.08 (          -----| *---         ), 0.13,  0.19,  0.21,  0.21,  0.27
   6 ,          grid_RF_100 ,    0.21   , 0.03 (              -|*-            ), 0.17,  0.20,  0.21,  0.21,  0.23
   6 ,          grid_DTC_50 ,    0.23   , 0.05 (           --- |  *           ), 0.14,  0.18,  0.23,  0.23,  0.23
   6 ,          smac_DTC_25 ,    0.21   , 0.16 (               | *----------- ), 0.21,  0.21,  0.21,  0.21,  0.37
   6 ,          smac_DTC_50 ,    0.21   , 0.01 (               | *            ), 0.21,  0.21,  0.21,  0.21,  0.22
   6 ,           grid_RF_50 ,    0.22   ,  0.0 (               | *            ), 0.21,  0.22,  0.22,  0.22,  0.22
   6 ,            de_RF_100 ,    0.23   , 0.03 (               |  *           ), 0.19,  0.21,  0.23,  0.23,  0.24
   6 ,             de_RF_25 ,    0.23   , 0.04 (              -|- *--         ), 0.18,  0.22,  0.23,  0.23,  0.26
   6 ,            de_DTC_50 ,    0.25   , 0.05 (               |-   *         ), 0.20,  0.21,  0.25,  0.25,  0.26
   6 ,             de_RF_50 ,    0.24   , 0.01 (               | --*          ), 0.21,  0.24,  0.24,  0.24,  0.25
   6 ,           grid_RF_25 ,    0.24   ,  0.0 (               |  -*          ), 0.23,  0.24,  0.24,  0.24,  0.24
   6 ,            de_DTC_25 ,    0.26   , 0.07 (          -----|--  *---      ), 0.13,  0.23,  0.26,  0.26,  0.30
   7 ,        random_KNN_50 ,    0.28   , 0.03 (               | ---  *       ), 0.21,  0.25,  0.28,  0.28,  0.28
   7 ,        random_KNN_25 ,    0.28   , 0.03 (               | ---  *       ), 0.21,  0.25,  0.28,  0.28,  0.28
   7 ,            de_KNN_50 ,    0.27   , 0.01 (               | ----*        ), 0.22,  0.26,  0.27,  0.27,  0.27
   7 ,       random_KNN_100 ,    0.28   , 0.03 (               | ---  *       ), 0.21,  0.25,  0.28,  0.28,  0.28
   7 ,          grid_KNN_25 ,    0.28   , 0.04 (               |   -   *      ), 0.24,  0.25,  0.28,  0.28,  0.29
   7 ,         grid_KNN_100 ,    0.28   , 0.04 (               |   -   *      ), 0.24,  0.25,  0.28,  0.28,  0.29
   7 ,          grid_KNN_50 ,    0.28   , 0.04 (               |   -   *      ), 0.24,  0.25,  0.28,  0.28,  0.29
   7 ,           de_KNN_100 ,    0.28   , 0.01 (               |      *       ), 0.26,  0.27,  0.28,  0.28,  0.28
   7 ,          smac_RF_100 ,    0.28   , 0.04 (               | -----*--     ), 0.22,  0.27,  0.28,  0.28,  0.31
   7 ,        random_DTC_25 ,    0.28   ,  0.0 (---------------|------*       ), 0.00,  0.28,  0.28,  0.28,  0.28
   7 ,            de_KNN_25 ,    0.28   , 0.04 (               |     -*---    ), 0.27,  0.28,  0.28,  0.28,  0.32
   7 ,        random_DTC_50 ,    0.28   ,  0.0 (---------------|------*       ), 0.00,  0.28,  0.28,  0.28,  0.28
   7 ,       random_DTC_100 ,    0.28   ,  0.0 (---------------|------*       ), 0.00,  0.28,  0.28,  0.28,  0.28
   7 ,           smac_RF_25 ,    0.29   , 0.01 (            ---|-------*      ), 0.15,  0.29,  0.29,  0.29,  0.30
   7 ,           smac_RF_50 ,    0.31   , 0.02 (   ------------|-------- *    ), 0.04,  0.30,  0.31,  0.31,  0.32
