
rank ,                 name ,    med   ,  iqr 
----------------------------------------------------
   1 ,          grid_SVM_25 ,    0.0   ,  0.0 (*              |              ), 0.00,  0.00,  0.00,  0.00,  0.00
   1 ,          grid_SVM_50 ,    0.0   ,  0.0 (*              |              ), 0.00,  0.00,  0.00,  0.00,  0.00
   1 ,            de_SVM_25 ,    0.01   , 0.01 (*              |              ), 0.00,  0.00,  0.01,  0.01,  0.01
   1 ,         grid_SVM_100 ,    0.01   ,  0.0 (*              |              ), 0.00,  0.01,  0.01,  0.01,  0.01
   1 ,        random_SVM_50 ,    0.01   ,  0.0 (*              |              ), 0.01,  0.01,  0.01,  0.01,  0.01
   1 ,       random_SVM_100 ,    0.01   ,  0.0 (*              |              ), 0.01,  0.01,  0.01,  0.01,  0.01
   1 ,           de_SVM_100 ,    0.01   ,  0.0 (*              |              ), 0.01,  0.01,  0.01,  0.01,  0.01
   1 ,            de_SVM_50 ,    0.01   ,  0.0 (*              |              ), 0.01,  0.01,  0.01,  0.01,  0.01
   1 ,        random_SVM_25 ,    0.01   ,  0.0 (*              |              ), 0.01,  0.01,  0.01,  0.01,  0.01
   2 ,          smac_SVM_50 ,    0.39   , 0.22 (        -------|   *-----     ), 0.17,  0.30,  0.39,  0.39,  0.52
   2 ,          smac_KNN_50 ,    0.39   ,  0.0 (               |   *          ), 0.39,  0.39,  0.39,  0.39,  0.39
   2 ,         smac_KNN_100 ,    0.39   ,  0.0 (               |   *          ), 0.39,  0.39,  0.39,  0.39,  0.39
   2 ,          smac_KNN_25 ,    0.39   ,  0.0 (               |   *          ), 0.39,  0.39,  0.39,  0.39,  0.39
   2 ,          smac_SVM_25 ,    0.46   , 0.07 (              -|-----  *-     ), 0.29,  0.43,  0.46,  0.46,  0.50
   3 ,          grid_DTC_50 ,    0.51   , 0.06 (               |         *    ), 0.46,  0.46,  0.51,  0.51,  0.52
   3 ,          grid_DTC_25 ,    0.5   , 0.03 (               |        *     ), 0.47,  0.47,  0.50,  0.50,  0.50
   3 ,          smac_DTC_50 ,    0.49   , 0.04 (               |        *-    ), 0.48,  0.48,  0.49,  0.49,  0.52
   3 ,            de_KNN_25 ,    0.51   , 0.03 (               |         *    ), 0.47,  0.48,  0.51,  0.51,  0.51
   3 ,          smac_DTC_25 ,    0.51   , 0.06 (               |       - *-   ), 0.48,  0.48,  0.51,  0.51,  0.54
   3 ,           de_KNN_100 ,    0.51   , 0.02 (               |         *    ), 0.48,  0.49,  0.51,  0.51,  0.51
   3 ,        random_KNN_50 ,    0.5   , 0.01 (               |       --*    ), 0.47,  0.50,  0.50,  0.50,  0.51
   3 ,        random_KNN_25 ,    0.5   , 0.01 (               |       --*    ), 0.47,  0.50,  0.50,  0.50,  0.51
   3 ,       random_KNN_100 ,    0.5   , 0.01 (               |       --*    ), 0.47,  0.50,  0.50,  0.50,  0.51
   3 ,           de_DTC_100 ,    0.52   , 0.06 (               |      --  *   ), 0.45,  0.48,  0.52,  0.52,  0.54
   3 ,         grid_DTC_100 ,    0.5   , 0.02 (               |        -*    ), 0.48,  0.50,  0.50,  0.50,  0.52
   3 ,          grid_KNN_25 ,    0.51   ,  0.0 (               |         *    ), 0.50,  0.51,  0.51,  0.51,  0.51
   3 ,         grid_KNN_100 ,    0.51   ,  0.0 (               |         *    ), 0.50,  0.51,  0.51,  0.51,  0.51
   3 ,          grid_KNN_50 ,    0.51   ,  0.0 (               |         *    ), 0.50,  0.51,  0.51,  0.51,  0.51
   3 ,            de_KNN_50 ,    0.51   ,  0.0 (               |       --*    ), 0.47,  0.51,  0.51,  0.51,  0.51
   3 ,         smac_DTC_100 ,    0.51   , 0.01 (               |         *    ), 0.51,  0.51,  0.51,  0.51,  0.52
   3 ,        random_DTC_25 ,    0.52   , 0.03 (               |        - *   ), 0.49,  0.51,  0.52,  0.52,  0.54
   3 ,        random_DTC_50 ,    0.52   , 0.03 (               |        - *   ), 0.49,  0.51,  0.52,  0.52,  0.54
   3 ,       random_DTC_100 ,    0.52   , 0.03 (               |        - *   ), 0.49,  0.51,  0.52,  0.52,  0.54
   3 ,            de_DTC_25 ,    0.52   , 0.01 (               |       ---*   ), 0.47,  0.52,  0.52,  0.52,  0.53
   3 ,            de_DTC_50 ,    0.53   , 0.01 (               |      ----*   ), 0.45,  0.53,  0.53,  0.53,  0.54
   4 ,           smac_RF_25 ,    0.56   , 0.02 (               |           *  ), 0.55,  0.55,  0.56,  0.56,  0.57
   4 ,          smac_RF_100 ,    0.56   ,  0.0 (               |           *  ), 0.55,  0.56,  0.56,  0.56,  0.56
   4 ,           smac_RF_50 ,    0.56   , 0.02 (               |            * ), 0.55,  0.55,  0.56,  0.56,  0.57
   4 ,             de_RF_50 ,    0.56   , 0.02 (               |          - * ), 0.52,  0.55,  0.56,  0.56,  0.57
   4 ,             de_RF_25 ,    0.56   , 0.02 (               |          --* ), 0.54,  0.56,  0.56,  0.56,  0.58
   4 ,        random_RF_100 ,    0.57   , 0.01 (               |           -* ), 0.55,  0.56,  0.57,  0.57,  0.57
   4 ,         random_RF_50 ,    0.57   , 0.01 (               |           -* ), 0.55,  0.56,  0.57,  0.57,  0.57
   4 ,         random_RF_25 ,    0.57   , 0.01 (               |           -* ), 0.55,  0.56,  0.57,  0.57,  0.57
   4 ,          grid_RF_100 ,    0.57   , 0.01 (               |            * ), 0.57,  0.57,  0.57,  0.57,  0.58
   4 ,            de_RF_100 ,    0.57   , 0.02 (               |            * ), 0.57,  0.57,  0.57,  0.57,  0.59
   5 ,           grid_RF_50 ,    0.58   , 0.01 (               |             *), 0.57,  0.58,  0.58,  0.58,  0.59
   5 ,           grid_RF_25 ,    0.59   , 0.02 (               |             *), 0.57,  0.58,  0.59,  0.59,  0.60
