
rank ,                 name ,    med   ,  iqr 
----------------------------------------------------
   1 ,             de_RF_25 ,    0.0   , 0.02 (*-             |              ), 0.00,  0.00,  0.00,  0.00,  0.02
   1 ,        random_RF_100 ,    0.0   , 0.01 (*              |              ), 0.00,  0.00,  0.00,  0.00,  0.01
   1 ,          grid_RF_100 ,    0.0   ,  0.0 (*              |              ), 0.00,  0.00,  0.00,  0.00,  0.00
   1 ,          grid_SVM_25 ,    0.0   ,  0.0 (*              |              ), 0.00,  0.00,  0.00,  0.00,  0.00
   1 ,          grid_DTC_50 ,    0.0   ,  0.0 (*              |              ), 0.00,  0.00,  0.00,  0.00,  0.00
   1 ,           grid_RF_50 ,    0.0   ,  0.0 (*              |              ), 0.00,  0.00,  0.00,  0.00,  0.00
   1 ,         random_RF_50 ,    0.0   , 0.01 (*              |              ), 0.00,  0.00,  0.00,  0.00,  0.01
   1 ,             de_RF_50 ,    0.0   , 0.01 (*              |              ), 0.00,  0.00,  0.00,  0.00,  0.01
   1 ,          grid_DTC_25 ,    0.0   ,  0.0 (*              |              ), 0.00,  0.00,  0.00,  0.00,  0.00
   1 ,         random_RF_25 ,    0.0   , 0.01 (*              |              ), 0.00,  0.00,  0.00,  0.00,  0.01
   1 ,           grid_RF_25 ,    0.0   ,  0.0 (*              |              ), 0.00,  0.00,  0.00,  0.00,  0.00
   1 ,            de_RF_100 ,    0.0   , 0.02 (*-             |              ), 0.00,  0.00,  0.00,  0.00,  0.02
   1 ,           de_SVM_100 ,    0.0   , 0.01 (*              |              ), 0.00,  0.00,  0.00,  0.00,  0.01
   1 ,        random_SVM_50 ,    0.01   , 0.01 (*              |              ), 0.00,  0.00,  0.01,  0.01,  0.01
   1 ,            de_SVM_25 ,    0.01   , 0.01 (*              |              ), 0.00,  0.00,  0.01,  0.01,  0.01
   1 ,       random_SVM_100 ,    0.01   , 0.01 (*              |              ), 0.00,  0.00,  0.01,  0.01,  0.01
   1 ,            de_SVM_50 ,    0.01   , 0.01 (*              |              ), 0.00,  0.00,  0.01,  0.01,  0.01
   1 ,        random_SVM_25 ,    0.01   , 0.01 (*              |              ), 0.00,  0.00,  0.01,  0.01,  0.01
   1 ,            de_DTC_25 ,    0.01   , 0.02 ( *             |              ), 0.00,  0.00,  0.01,  0.01,  0.02
   1 ,            de_DTC_50 ,    0.01   , 0.02 ( *-            |              ), 0.00,  0.01,  0.01,  0.01,  0.03
   1 ,          grid_SVM_50 ,    0.01   ,  0.0 ( *             |              ), 0.01,  0.01,  0.01,  0.01,  0.01
   1 ,        random_DTC_25 ,    0.02   , 0.03 (-*--           |              ), 0.00,  0.01,  0.02,  0.02,  0.04
   1 ,        random_DTC_50 ,    0.02   , 0.03 (-*--           |              ), 0.00,  0.01,  0.02,  0.02,  0.04
   1 ,       random_DTC_100 ,    0.02   , 0.03 (-*--           |              ), 0.00,  0.01,  0.02,  0.02,  0.04
   1 ,         grid_SVM_100 ,    0.02   ,  0.0 (  *            |              ), 0.02,  0.02,  0.02,  0.02,  0.02
   1 ,          grid_KNN_25 ,    0.03   , 0.01 ( - *           |              ), 0.01,  0.02,  0.03,  0.03,  0.03
   1 ,         grid_KNN_100 ,    0.03   , 0.01 ( - *           |              ), 0.01,  0.02,  0.03,  0.03,  0.03
   1 ,          grid_KNN_50 ,    0.03   , 0.01 ( - *           |              ), 0.01,  0.02,  0.03,  0.03,  0.03
   1 ,         smac_KNN_100 ,    0.03   , 0.02 (  *--          |              ), 0.03,  0.03,  0.03,  0.03,  0.05
   1 ,            de_KNN_25 ,    0.04   , 0.02 ( -  *          |              ), 0.02,  0.02,  0.04,  0.04,  0.04
   1 ,            de_KNN_50 ,    0.03   , 0.03 (   *--         |              ), 0.03,  0.03,  0.03,  0.03,  0.06
   1 ,          smac_KNN_50 ,    0.04   ,  0.0 (  -*           |              ), 0.03,  0.04,  0.04,  0.04,  0.04
   1 ,        random_KNN_50 ,    0.05   , 0.04 ( -   *         |              ), 0.01,  0.02,  0.05,  0.05,  0.06
   1 ,        random_KNN_25 ,    0.05   , 0.04 ( -   *         |              ), 0.01,  0.02,  0.05,  0.05,  0.06
   1 ,       random_KNN_100 ,    0.05   , 0.04 ( -   *         |              ), 0.01,  0.02,  0.05,  0.05,  0.06
   1 ,           de_DTC_100 ,    0.06   , 0.05 (  -   *-       |              ), 0.03,  0.03,  0.06,  0.06,  0.08
   1 ,           de_KNN_100 ,    0.06   , 0.02 ( ---  *        |              ), 0.01,  0.04,  0.06,  0.06,  0.06
   1 ,          smac_RF_100 ,    0.08   , 0.07 (--      *--    |              ), 0.01,  0.03,  0.08,  0.08,  0.10
   1 ,          smac_SVM_25 ,    0.08   , 0.25 (        *------|------------- ), 0.03,  0.03,  0.08,  0.08,  0.28
   1 ,          smac_KNN_25 ,    0.05   , 0.03 (   --*--       |              ), 0.04,  0.05,  0.05,  0.05,  0.08
   2 ,           smac_RF_50 ,    0.09   , 0.07 (  --     *--   |              ), 0.03,  0.04,  0.09,  0.09,  0.11
   2 ,           smac_RF_25 ,    0.08   , 0.04 (  ---   *      |              ), 0.03,  0.05,  0.08,  0.08,  0.09
   2 ,          smac_SVM_50 ,    0.08   , 0.04 (   ---  *--    |              ), 0.04,  0.06,  0.08,  0.08,  0.10
   2 ,         grid_DTC_100 ,    0.09   ,  0.0 (        -*     |              ), 0.08,  0.09,  0.09,  0.09,  0.09
   3 ,          smac_DTC_50 ,    0.16   , 0.13 (    --         | *--          ), 0.04,  0.06,  0.16,  0.16,  0.19
   3 ,         smac_DTC_100 ,    0.14   , 0.11 (               *-----         ), 0.09,  0.09,  0.14,  0.14,  0.20
   3 ,          smac_DTC_25 ,    0.21   , 0.11 (       ------- |       *-     ), 0.07,  0.13,  0.21,  0.21,  0.24
