
rank ,                 name ,    med   ,  iqr 
----------------------------------------------------
   1 ,          smac_RF_100 ,    0.27   , 0.03 (-*--           |              ), 0.26,  0.27,  0.27,  0.27,  0.30
   1 ,            de_SVM_50 ,    0.29   , 0.01 (   *           |              ), 0.28,  0.28,  0.29,  0.29,  0.29
   1 ,        random_SVM_50 ,    0.29   ,  0.0 (    *          |              ), 0.29,  0.29,  0.29,  0.29,  0.29
   1 ,       random_SVM_100 ,    0.29   ,  0.0 (    *          |              ), 0.29,  0.29,  0.29,  0.29,  0.29
   1 ,        random_SVM_25 ,    0.29   ,  0.0 (    *          |              ), 0.29,  0.29,  0.29,  0.29,  0.29
   1 ,            de_SVM_25 ,    0.29   ,  0.0 (    *          |              ), 0.29,  0.29,  0.29,  0.29,  0.29
   1 ,          grid_SVM_25 ,    0.29   ,  0.0 (    *          |              ), 0.29,  0.29,  0.29,  0.29,  0.29
   1 ,         grid_SVM_100 ,    0.29   ,  0.0 (    *          |              ), 0.29,  0.29,  0.29,  0.29,  0.29
   1 ,           de_SVM_100 ,    0.29   ,  0.0 (  --*          |              ), 0.28,  0.29,  0.29,  0.29,  0.29
   1 ,          grid_SVM_50 ,    0.29   ,  0.0 (    *          |              ), 0.29,  0.29,  0.29,  0.29,  0.29
   1 ,           smac_RF_50 ,    0.3   , 0.12 (    *----------|---           ), 0.29,  0.29,  0.30,  0.30,  0.41
   1 ,          grid_DTC_50 ,    0.31   , 0.01 (    - *        |              ), 0.29,  0.30,  0.31,  0.31,  0.31
   2 ,          grid_DTC_25 ,    0.32   , 0.03 (   ---  *-     |              ), 0.29,  0.31,  0.32,  0.32,  0.34
   2 ,        random_DTC_25 ,    0.33   , 0.04 (          *    |              ), 0.30,  0.30,  0.33,  0.33,  0.34
   2 ,        random_DTC_50 ,    0.33   , 0.04 (          *    |              ), 0.30,  0.30,  0.33,  0.33,  0.34
   2 ,       random_DTC_100 ,    0.33   , 0.04 (          *    |              ), 0.30,  0.30,  0.33,  0.33,  0.34
   2 ,            de_DTC_50 ,    0.33   , 0.04 (      -   *-   |              ), 0.31,  0.31,  0.33,  0.33,  0.35
   2 ,           grid_RF_25 ,    0.32   , 0.01 (        *      |              ), 0.32,  0.32,  0.32,  0.32,  0.33
   2 ,            de_DTC_25 ,    0.33   , 0.03 (       - *--   |              ), 0.32,  0.32,  0.33,  0.33,  0.35
   2 ,        random_KNN_50 ,    0.33   , 0.02 (         *--   |              ), 0.33,  0.33,  0.33,  0.33,  0.35
   2 ,           grid_RF_50 ,    0.33   ,  0.0 (         *     |              ), 0.33,  0.33,  0.33,  0.33,  0.33
   2 ,        random_KNN_25 ,    0.33   , 0.02 (         *--   |              ), 0.33,  0.33,  0.33,  0.33,  0.35
   2 ,       random_KNN_100 ,    0.33   , 0.02 (         *--   |              ), 0.33,  0.33,  0.33,  0.33,  0.35
   2 ,            de_KNN_25 ,    0.34   , 0.03 (        - *--  |              ), 0.32,  0.33,  0.34,  0.34,  0.36
   2 ,           de_DTC_100 ,    0.34   , 0.01 (        - *    |              ), 0.32,  0.33,  0.34,  0.34,  0.34
   2 ,          grid_RF_100 ,    0.34   , 0.01 (           *   |              ), 0.33,  0.33,  0.34,  0.34,  0.34
   2 ,          grid_KNN_25 ,    0.34   ,  0.0 (      -----*   |              ), 0.31,  0.34,  0.34,  0.34,  0.34
   2 ,         grid_KNN_100 ,    0.34   ,  0.0 (      -----*   |              ), 0.31,  0.34,  0.34,  0.34,  0.34
   2 ,          grid_KNN_50 ,    0.34   ,  0.0 (      -----*   |              ), 0.31,  0.34,  0.34,  0.34,  0.34
   2 ,           de_KNN_100 ,    0.35   , 0.02 (      -----*-  |              ), 0.31,  0.34,  0.35,  0.35,  0.36
   2 ,          smac_SVM_50 ,    0.36   , 0.03 (   -------   *-|              ), 0.29,  0.34,  0.36,  0.36,  0.37
   2 ,         grid_DTC_100 ,    0.35   , 0.01 (       ---- *  |              ), 0.31,  0.35,  0.35,  0.35,  0.36
   2 ,            de_RF_100 ,    0.36   , 0.01 (          -  * |              ), 0.34,  0.35,  0.36,  0.36,  0.36
   2 ,            de_KNN_50 ,    0.36   , 0.01 (         --- * |              ), 0.33,  0.35,  0.36,  0.36,  0.36
   2 ,             de_RF_50 ,    0.36   , 0.02 (           -  *|              ), 0.34,  0.35,  0.36,  0.36,  0.37
   2 ,        random_RF_100 ,    0.37   , 0.03 (               *              ), 0.35,  0.35,  0.37,  0.37,  0.38
   2 ,         random_RF_50 ,    0.37   , 0.03 (               *              ), 0.35,  0.35,  0.37,  0.37,  0.38
   2 ,         random_RF_25 ,    0.37   , 0.03 (               *              ), 0.35,  0.35,  0.37,  0.37,  0.38
   2 ,             de_RF_25 ,    0.36   , 0.02 (          ----*|              ), 0.34,  0.36,  0.36,  0.36,  0.38
   3 ,          smac_SVM_25 ,    0.42   , 0.08 (       ------- |      *---    ), 0.32,  0.37,  0.42,  0.42,  0.45
   3 ,         smac_KNN_100 ,    0.41   , 0.02 (               |---*-         ), 0.37,  0.40,  0.41,  0.41,  0.42
   3 ,          smac_KNN_25 ,    0.4   , 0.01 (             --|---*          ), 0.36,  0.40,  0.40,  0.40,  0.41
   3 ,          smac_KNN_50 ,    0.41   , 0.01 (               |   *-         ), 0.40,  0.41,  0.41,  0.41,  0.42
   3 ,           smac_RF_25 ,    0.41   , 0.03 (    -----------|----*---      ), 0.29,  0.41,  0.41,  0.41,  0.44
   4 ,          smac_DTC_25 ,    0.44   , 0.03 (               |       -*---  ), 0.43,  0.44,  0.44,  0.44,  0.47
   4 ,         smac_DTC_100 ,    0.47   , 0.01 (               |          - * ), 0.45,  0.46,  0.47,  0.47,  0.47
   4 ,          smac_DTC_50 ,    0.47   , 0.01 (               |           - *), 0.46,  0.47,  0.47,  0.47,  0.48
