
rank ,                 name ,    med   ,  iqr 
----------------------------------------------------
   1 ,          grid_SVM_50 ,    0.0   ,  0.0 (*              |              ), 0.00,  0.00,  0.00,  0.00,  0.00
   1 ,         grid_SVM_100 ,    0.01   , 0.02 (*              |              ), 0.00,  0.00,  0.01,  0.01,  0.02
   2 ,            de_SVM_50 ,    0.03   , 0.02 ( *             |              ), 0.01,  0.02,  0.03,  0.03,  0.04
   2 ,            de_SVM_25 ,    0.03   , 0.01 (-*             |              ), 0.01,  0.03,  0.03,  0.03,  0.04
   2 ,        random_SVM_50 ,    0.04   , 0.03 ( *             |              ), 0.01,  0.02,  0.04,  0.04,  0.05
   2 ,       random_SVM_100 ,    0.04   , 0.03 ( *             |              ), 0.01,  0.02,  0.04,  0.04,  0.05
   2 ,        random_SVM_25 ,    0.04   , 0.03 ( *             |              ), 0.01,  0.02,  0.04,  0.04,  0.05
   2 ,          grid_SVM_25 ,    0.03   ,  0.0 ( *             |              ), 0.03,  0.03,  0.03,  0.03,  0.03
   2 ,           de_SVM_100 ,    0.03   , 0.01 (-*             |              ), 0.00,  0.03,  0.03,  0.03,  0.04
   3 ,            de_DTC_50 ,    0.53   ,  0.1 (               |      -- *--- ), 0.46,  0.51,  0.53,  0.53,  0.61
   3 ,          smac_SVM_25 ,    0.53   , 0.02 (               |  ------ *    ), 0.39,  0.51,  0.53,  0.53,  0.53
   3 ,          smac_SVM_50 ,    0.53   , 0.01 (               |  ------- *   ), 0.37,  0.53,  0.53,  0.53,  0.54
   3 ,         smac_SVM_100 ,    0.54   , 0.01 (              -|--------- *   ), 0.29,  0.53,  0.54,  0.54,  0.54
   3 ,            de_DTC_25 ,    0.55   , 0.04 (               |      ---  *  ), 0.46,  0.52,  0.55,  0.55,  0.56
   3 ,            de_KNN_50 ,    0.54   , 0.01 (               |          *   ), 0.53,  0.54,  0.54,  0.54,  0.55
   3 ,        random_KNN_50 ,    0.54   , 0.01 (               |          *   ), 0.54,  0.54,  0.54,  0.54,  0.55
   3 ,        random_DTC_25 ,    0.54   , 0.04 (               |        --*-  ), 0.50,  0.54,  0.54,  0.54,  0.58
   3 ,        random_DTC_50 ,    0.54   , 0.04 (               |        --*-  ), 0.50,  0.54,  0.54,  0.54,  0.58
   3 ,        random_KNN_25 ,    0.54   , 0.01 (               |          *   ), 0.54,  0.54,  0.54,  0.54,  0.55
   3 ,       random_DTC_100 ,    0.54   , 0.04 (               |        --*-  ), 0.50,  0.54,  0.54,  0.54,  0.58
   3 ,       random_KNN_100 ,    0.54   , 0.01 (               |          *   ), 0.54,  0.54,  0.54,  0.54,  0.55
   3 ,          smac_KNN_50 ,    0.54   , 0.02 (               |          *   ), 0.54,  0.54,  0.54,  0.54,  0.56
   3 ,         smac_KNN_100 ,    0.54   ,  0.0 (               |          *   ), 0.54,  0.54,  0.54,  0.54,  0.54
   3 ,          smac_KNN_25 ,    0.54   ,  0.0 (               |        --*   ), 0.50,  0.54,  0.54,  0.54,  0.54
   3 ,         grid_DTC_100 ,    0.56   , 0.03 (               |       --- *  ), 0.49,  0.53,  0.56,  0.56,  0.56
   3 ,          grid_KNN_25 ,    0.56   , 0.02 (               |         - *  ), 0.53,  0.54,  0.56,  0.56,  0.56
   3 ,         grid_KNN_100 ,    0.56   , 0.02 (               |         - *  ), 0.53,  0.54,  0.56,  0.56,  0.56
   3 ,          grid_DTC_50 ,    0.56   , 0.03 (               |         - *  ), 0.52,  0.54,  0.56,  0.56,  0.57
   3 ,          grid_KNN_50 ,    0.56   , 0.02 (               |         - *  ), 0.53,  0.54,  0.56,  0.56,  0.56
   3 ,           de_DTC_100 ,    0.55   , 0.02 (               |      ----*   ), 0.47,  0.55,  0.55,  0.55,  0.57
   3 ,            de_KNN_25 ,    0.55   , 0.03 (               |           *  ), 0.54,  0.55,  0.55,  0.55,  0.58
   3 ,           de_KNN_100 ,    0.56   , 0.03 (               |           *  ), 0.55,  0.55,  0.56,  0.56,  0.58
   3 ,          grid_DTC_25 ,    0.56   , 0.02 (               |         - *  ), 0.52,  0.55,  0.56,  0.56,  0.57
   4 ,         smac_DTC_100 ,    0.57   , 0.01 (               |           *  ), 0.57,  0.57,  0.57,  0.57,  0.58
   4 ,           grid_RF_25 ,    0.58   , 0.02 (               |            * ), 0.57,  0.57,  0.58,  0.58,  0.59
   4 ,          smac_RF_100 ,    0.58   , 0.04 (               |            * ), 0.57,  0.57,  0.58,  0.58,  0.61
   4 ,            de_RF_100 ,    0.59   , 0.02 (               |            * ), 0.56,  0.57,  0.59,  0.59,  0.59
   4 ,             de_RF_50 ,    0.58   , 0.03 (               |            * ), 0.58,  0.58,  0.58,  0.58,  0.61
   4 ,          smac_DTC_25 ,    0.59   , 0.02 (               |           -* ), 0.57,  0.58,  0.59,  0.59,  0.60
   4 ,          smac_DTC_50 ,    0.59   , 0.01 (               |            * ), 0.58,  0.59,  0.59,  0.59,  0.60
   4 ,        random_RF_100 ,    0.59   , 0.01 (               |            * ), 0.59,  0.59,  0.59,  0.59,  0.60
   4 ,         random_RF_50 ,    0.59   , 0.01 (               |            * ), 0.59,  0.59,  0.59,  0.59,  0.60
   4 ,         random_RF_25 ,    0.59   , 0.01 (               |            * ), 0.59,  0.59,  0.59,  0.59,  0.60
   4 ,           grid_RF_50 ,    0.6   , 0.02 (               |             *), 0.58,  0.59,  0.60,  0.60,  0.61
   4 ,          grid_RF_100 ,    0.6   ,  0.0 (               |           --*), 0.57,  0.60,  0.60,  0.60,  0.60
   4 ,           smac_RF_50 ,    0.6   , 0.02 (               |            -*), 0.58,  0.59,  0.60,  0.60,  0.61
   4 ,           smac_RF_25 ,    0.6   , 0.01 (               |            -*), 0.58,  0.60,  0.60,  0.60,  0.61
   4 ,             de_RF_25 ,    0.6   , 0.01 (               |            -*), 0.58,  0.60,  0.60,  0.60,  0.61
