
rank ,                 name ,    med   ,  iqr 
----------------------------------------------------
   1 ,        random_SVM_50 ,    0.0   ,  0.0 (*              |              ), 0.00,  0.00,  0.00,  0.00,  0.00
   1 ,            de_SVM_25 ,    0.0   ,  0.0 (*              |              ), 0.00,  0.00,  0.00,  0.00,  0.00
   1 ,       random_SVM_100 ,    0.0   ,  0.0 (*              |              ), 0.00,  0.00,  0.00,  0.00,  0.00
   1 ,          grid_SVM_25 ,    0.0   ,  0.0 (*              |              ), 0.00,  0.00,  0.00,  0.00,  0.00
   1 ,         grid_SVM_100 ,    0.0   ,  0.0 (*              |              ), 0.00,  0.00,  0.00,  0.00,  0.00
   1 ,           de_SVM_100 ,    0.0   ,  0.0 (*              |              ), 0.00,  0.00,  0.00,  0.00,  0.00
   1 ,            de_SVM_50 ,    0.0   ,  0.0 (*              |              ), 0.00,  0.00,  0.00,  0.00,  0.00
   1 ,        random_SVM_25 ,    0.0   ,  0.0 (*              |              ), 0.00,  0.00,  0.00,  0.00,  0.00
   1 ,          grid_SVM_50 ,    0.0   ,  0.0 (*              |              ), 0.00,  0.00,  0.00,  0.00,  0.00
   2 ,         random_RF_50 ,    0.05   ,  0.0 (  *            |              ), 0.05,  0.05,  0.05,  0.05,  0.05
   2 ,        random_KNN_50 ,    0.06   ,  0.0 (   *           |              ), 0.06,  0.06,  0.06,  0.06,  0.06
   2 ,        random_DTC_50 ,    0.06   , 0.01 (  -*           |              ), 0.05,  0.06,  0.06,  0.06,  0.07
   3 ,            de_DTC_25 ,    0.09   , 0.02 (     *         |              ), 0.08,  0.09,  0.09,  0.09,  0.11
   3 ,         grid_DTC_100 ,    0.09   , 0.02 (     *         |              ), 0.08,  0.09,  0.09,  0.09,  0.11
   3 ,          grid_RF_100 ,    0.1   , 0.01 (     *         |              ), 0.09,  0.09,  0.10,  0.10,  0.10
   3 ,             de_RF_25 ,    0.1   ,  0.0 (     *         |              ), 0.10,  0.10,  0.10,  0.10,  0.10
   3 ,           grid_RF_50 ,    0.1   ,  0.0 (    -*         |              ), 0.09,  0.10,  0.10,  0.10,  0.10
   3 ,           grid_RF_25 ,    0.1   ,  0.0 (     *         |              ), 0.09,  0.10,  0.10,  0.10,  0.10
   3 ,        random_RF_100 ,    0.1   ,  0.0 (     *         |              ), 0.10,  0.10,  0.10,  0.10,  0.10
   3 ,            de_KNN_25 ,    0.1   ,  0.0 (     *         |              ), 0.10,  0.10,  0.10,  0.10,  0.10
   3 ,             de_RF_50 ,    0.1   ,  0.0 (     *         |              ), 0.09,  0.10,  0.10,  0.10,  0.10
   3 ,            de_KNN_50 ,    0.1   ,  0.0 (     *         |              ), 0.10,  0.10,  0.10,  0.10,  0.10
   3 ,         random_RF_25 ,    0.1   ,  0.0 (     *         |              ), 0.10,  0.10,  0.10,  0.10,  0.10
   3 ,        random_DTC_25 ,    0.1   , 0.01 (   --*         |              ), 0.07,  0.10,  0.10,  0.10,  0.11
   3 ,          grid_KNN_25 ,    0.1   , 0.01 (     *         |              ), 0.09,  0.10,  0.10,  0.10,  0.11
   3 ,         grid_KNN_100 ,    0.1   , 0.01 (     *         |              ), 0.09,  0.10,  0.10,  0.10,  0.11
   3 ,           de_KNN_100 ,    0.1   ,  0.0 (     *         |              ), 0.10,  0.10,  0.10,  0.10,  0.10
   3 ,          grid_KNN_50 ,    0.1   , 0.01 (     *         |              ), 0.09,  0.10,  0.10,  0.10,  0.11
   3 ,        random_KNN_25 ,    0.1   ,  0.0 (     *         |              ), 0.10,  0.10,  0.10,  0.10,  0.10
   3 ,           de_DTC_100 ,    0.1   , 0.01 (    -*         |              ), 0.09,  0.10,  0.10,  0.10,  0.11
   3 ,       random_DTC_100 ,    0.1   , 0.01 (   --*         |              ), 0.07,  0.10,  0.10,  0.10,  0.11
   3 ,       random_KNN_100 ,    0.1   ,  0.0 (     *         |              ), 0.10,  0.10,  0.10,  0.10,  0.10
   3 ,            de_RF_100 ,    0.1   , 0.01 (    -*         |              ), 0.09,  0.10,  0.10,  0.10,  0.11
   3 ,          grid_DTC_50 ,    0.11   , 0.02 (      *        |              ), 0.10,  0.10,  0.11,  0.11,  0.12
   3 ,          grid_DTC_25 ,    0.12   , 0.02 (      *        |              ), 0.09,  0.10,  0.12,  0.12,  0.12
   3 ,            de_DTC_50 ,    0.11   , 0.01 (     -*        |              ), 0.10,  0.11,  0.11,  0.11,  0.12
   4 ,          smac_DTC_50 ,    0.5   , 0.16 (               |           *  ), 0.36,  0.36,  0.50,  0.50,  0.52
   4 ,          smac_SVM_50 ,    0.48   , 0.06 (               |   ------ *-  ), 0.36,  0.46,  0.48,  0.48,  0.52
   4 ,         smac_SVM_100 ,    0.48   , 0.04 (               |         -*-  ), 0.46,  0.48,  0.48,  0.48,  0.52
   4 ,          smac_KNN_25 ,    0.49   , 0.02 (               |           *  ), 0.47,  0.48,  0.49,  0.49,  0.50
   4 ,           smac_RF_50 ,    0.51   , 0.03 (               |          -*  ), 0.48,  0.49,  0.51,  0.51,  0.52
   4 ,          smac_KNN_50 ,    0.5   , 0.04 (               |         --*- ), 0.46,  0.50,  0.50,  0.50,  0.54
   4 ,         smac_DTC_100 ,    0.53   , 0.05 (               |   -------   *), 0.36,  0.48,  0.53,  0.53,  0.53
   4 ,           smac_RF_25 ,    0.51   , 0.02 (               |            * ), 0.50,  0.50,  0.51,  0.51,  0.52
   4 ,          smac_SVM_25 ,    0.53   , 0.04 (               |          -  *), 0.48,  0.49,  0.53,  0.53,  0.53
   4 ,          smac_DTC_25 ,    0.52   , 0.03 (               |   --------  *), 0.36,  0.50,  0.52,  0.52,  0.53
   4 ,          smac_RF_100 ,    0.52   ,  0.0 (               |            * ), 0.52,  0.52,  0.52,  0.52,  0.52
   4 ,         smac_KNN_100 ,    0.54   ,  0.0 (               |             *), 0.54,  0.54,  0.54,  0.54,  0.54
