
rank ,                 name ,    med   ,  iqr 
----------------------------------------------------
   1 ,         grid_SVM_100 ,    0.0   ,  0.0 (*              |              ), 0.00,  0.00,  0.00,  0.00,  0.00
   1 ,          grid_SVM_50 ,    0.0   ,  0.0 (*              |              ), 0.00,  0.00,  0.00,  0.00,  0.00
   2 ,        random_SVM_50 ,    0.02   , 0.04 ( *             |              ), 0.01,  0.01,  0.02,  0.02,  0.05
   2 ,       random_SVM_100 ,    0.02   , 0.04 ( *             |              ), 0.01,  0.01,  0.02,  0.02,  0.05
   2 ,        random_SVM_25 ,    0.02   , 0.04 ( *             |              ), 0.01,  0.01,  0.02,  0.02,  0.05
   2 ,          grid_SVM_25 ,    0.02   ,  0.0 ( *             |              ), 0.02,  0.02,  0.02,  0.02,  0.02
   2 ,            de_SVM_50 ,    0.03   , 0.02 (-*             |              ), 0.01,  0.02,  0.03,  0.03,  0.04
   2 ,           de_SVM_100 ,    0.04   , 0.03 (-*             |              ), 0.00,  0.02,  0.04,  0.04,  0.05
   2 ,            de_SVM_25 ,    0.05   , 0.03 (- *            |              ), 0.01,  0.02,  0.05,  0.05,  0.05
   3 ,          smac_SVM_50 ,    0.45   , 0.02 (               |  ---- *      ), 0.36,  0.44,  0.45,  0.45,  0.46
   3 ,         smac_SVM_100 ,    0.46   , 0.03 (               |     - *      ), 0.42,  0.44,  0.46,  0.46,  0.47
   3 ,          smac_DTC_25 ,    0.47   ,  0.1 (               |      - *---  ), 0.44,  0.45,  0.47,  0.47,  0.55
   3 ,         smac_DTC_100 ,    0.48   , 0.03 (               |      - *     ), 0.44,  0.45,  0.48,  0.48,  0.48
   3 ,          grid_DTC_50 ,    0.48   ,  0.1 (               |      - *---  ), 0.44,  0.45,  0.48,  0.48,  0.55
   3 ,          grid_DTC_25 ,    0.47   , 0.12 (               |        *---- ), 0.46,  0.46,  0.47,  0.47,  0.58
   3 ,          smac_SVM_25 ,    0.48   , 0.02 (               |     ---*     ), 0.42,  0.48,  0.48,  0.48,  0.50
   3 ,          smac_RF_100 ,    0.49   , 0.03 (               |    ---- *    ), 0.40,  0.48,  0.49,  0.49,  0.51
   3 ,          smac_DTC_50 ,    0.51   ,  0.1 (               |          *-- ), 0.47,  0.47,  0.51,  0.51,  0.57
   4 ,           de_KNN_100 ,    0.51   , 0.03 (               |          *   ), 0.50,  0.50,  0.51,  0.51,  0.53
   4 ,        random_KNN_50 ,    0.52   , 0.03 (               |        -  *  ), 0.48,  0.50,  0.52,  0.52,  0.53
   4 ,        random_KNN_25 ,    0.52   , 0.03 (               |        -  *  ), 0.48,  0.50,  0.52,  0.52,  0.53
   4 ,       random_KNN_100 ,    0.52   , 0.03 (               |        -  *  ), 0.48,  0.50,  0.52,  0.52,  0.53
   4 ,            de_DTC_25 ,    0.52   , 0.01 (               |         -*   ), 0.50,  0.52,  0.52,  0.52,  0.53
   4 ,           de_DTC_100 ,    0.54   , 0.08 (               |           *- ), 0.50,  0.50,  0.54,  0.54,  0.58
   4 ,           grid_RF_25 ,    0.53   , 0.03 (               |           *  ), 0.51,  0.51,  0.53,  0.53,  0.54
   4 ,            de_DTC_50 ,    0.53   , 0.06 (               |         - *- ), 0.50,  0.51,  0.53,  0.53,  0.57
   4 ,         smac_KNN_100 ,    0.53   , 0.02 (               |           *  ), 0.51,  0.52,  0.53,  0.53,  0.54
   4 ,         grid_DTC_100 ,    0.53   , 0.02 (               |         - *  ), 0.50,  0.51,  0.53,  0.53,  0.53
   4 ,          smac_KNN_50 ,    0.53   , 0.03 (               |           *  ), 0.51,  0.52,  0.53,  0.53,  0.55
   4 ,          grid_KNN_25 ,    0.53   , 0.02 (               |           *  ), 0.52,  0.52,  0.53,  0.53,  0.54
   4 ,         grid_KNN_100 ,    0.53   , 0.02 (               |           *  ), 0.52,  0.52,  0.53,  0.53,  0.54
   4 ,          grid_KNN_50 ,    0.53   , 0.02 (               |           *  ), 0.52,  0.52,  0.53,  0.53,  0.54
   4 ,            de_KNN_50 ,    0.53   , 0.03 (               |          -*  ), 0.52,  0.52,  0.53,  0.53,  0.55
   4 ,           smac_RF_50 ,    0.53   , 0.01 (               |         --*  ), 0.49,  0.52,  0.53,  0.53,  0.53
   4 ,          grid_RF_100 ,    0.53   , 0.01 (               |          -*  ), 0.52,  0.53,  0.53,  0.53,  0.54
   4 ,        random_DTC_25 ,    0.53   , 0.01 (               |         --*  ), 0.49,  0.53,  0.53,  0.53,  0.54
   4 ,        random_DTC_50 ,    0.53   , 0.01 (               |         --*  ), 0.49,  0.53,  0.53,  0.53,  0.54
   4 ,       random_DTC_100 ,    0.53   , 0.01 (               |         --*  ), 0.49,  0.53,  0.53,  0.53,  0.54
   4 ,           grid_RF_50 ,    0.54   , 0.01 (               |          - * ), 0.50,  0.53,  0.54,  0.54,  0.54
   4 ,           smac_RF_25 ,    0.54   , 0.01 (               |          -*  ), 0.52,  0.54,  0.54,  0.54,  0.55
   4 ,            de_RF_100 ,    0.54   , 0.02 (               |           *  ), 0.53,  0.54,  0.54,  0.54,  0.56
   4 ,            de_KNN_25 ,    0.54   , 0.01 (               |         -- * ), 0.49,  0.54,  0.54,  0.54,  0.55
   4 ,        random_RF_100 ,    0.55   , 0.02 (               |            * ), 0.53,  0.54,  0.55,  0.55,  0.56
   4 ,         random_RF_50 ,    0.55   , 0.02 (               |            * ), 0.53,  0.54,  0.55,  0.55,  0.56
   4 ,             de_RF_50 ,    0.55   , 0.02 (               |           -* ), 0.54,  0.54,  0.55,  0.55,  0.56
   4 ,         random_RF_25 ,    0.55   , 0.02 (               |            * ), 0.53,  0.54,  0.55,  0.55,  0.56
   5 ,             de_RF_25 ,    0.57   , 0.03 (               |           - *), 0.53,  0.54,  0.57,  0.57,  0.57
   5 ,          smac_KNN_25 ,    0.57   , 0.03 (               |           - *), 0.53,  0.55,  0.57,  0.57,  0.58
