
rank ,                 name ,    med   ,  iqr 
----------------------------------------------------
   1 ,          grid_SVM_25 ,    0.0   ,  0.0 (*              |              ), 0.00,  0.00,  0.00,  0.00,  0.00
   1 ,            de_SVM_25 ,    0.04   , 0.06 (-*--           |              ), 0.00,  0.03,  0.04,  0.04,  0.09
   2 ,            de_SVM_50 ,    0.11   , 0.14 (-   *--        |              ), 0.02,  0.03,  0.11,  0.11,  0.17
   2 ,           de_SVM_100 ,    0.09   , 0.04 (    *          |              ), 0.07,  0.08,  0.09,  0.09,  0.12
   2 ,         grid_SVM_100 ,    0.11   , 0.11 (    *--        |              ), 0.07,  0.07,  0.11,  0.11,  0.18
   2 ,        random_SVM_50 ,    0.12   , 0.12 (   - *---      |              ), 0.09,  0.09,  0.12,  0.12,  0.21
   2 ,       random_SVM_100 ,    0.12   , 0.12 (   - *---      |              ), 0.09,  0.09,  0.12,  0.12,  0.21
   2 ,        random_SVM_25 ,    0.12   , 0.12 (   - *---      |              ), 0.09,  0.09,  0.12,  0.12,  0.21
   2 ,          grid_SVM_50 ,    0.12   , 0.02 (     *         |              ), 0.10,  0.10,  0.12,  0.12,  0.12
   3 ,          grid_KNN_25 ,    0.35   , 0.04 (               *              ), 0.33,  0.33,  0.35,  0.35,  0.37
   3 ,         grid_KNN_100 ,    0.35   , 0.04 (               *              ), 0.33,  0.33,  0.35,  0.35,  0.37
   3 ,          grid_KNN_50 ,    0.35   , 0.04 (               *              ), 0.33,  0.33,  0.35,  0.35,  0.37
   3 ,            de_KNN_25 ,    0.36   , 0.02 (              -*              ), 0.34,  0.36,  0.36,  0.36,  0.38
   3 ,          grid_DTC_25 ,    0.36   , 0.03 (               *              ), 0.36,  0.36,  0.36,  0.36,  0.39
   3 ,           de_KNN_100 ,    0.36   , 0.01 (              -*              ), 0.34,  0.36,  0.36,  0.36,  0.37
   3 ,            de_KNN_50 ,    0.37   , 0.02 (              -*              ), 0.34,  0.36,  0.37,  0.37,  0.38
   3 ,        random_KNN_50 ,    0.38   , 0.01 (              -|*             ), 0.33,  0.37,  0.38,  0.38,  0.38
   3 ,        random_KNN_25 ,    0.38   , 0.01 (              -|*             ), 0.33,  0.37,  0.38,  0.38,  0.38
   3 ,       random_KNN_100 ,    0.38   , 0.01 (              -|*             ), 0.33,  0.37,  0.38,  0.38,  0.38
   4 ,          grid_DTC_50 ,    0.39   , 0.02 (               |*             ), 0.36,  0.39,  0.39,  0.39,  0.41
   4 ,         grid_DTC_100 ,    0.4   , 0.01 (               | *            ), 0.38,  0.39,  0.40,  0.40,  0.40
   4 ,             de_RF_25 ,    0.4   , 0.04 (               |-*            ), 0.38,  0.40,  0.40,  0.40,  0.44
   4 ,           grid_RF_25 ,    0.4   , 0.01 (               | *            ), 0.40,  0.40,  0.40,  0.40,  0.41
   4 ,        random_RF_100 ,    0.41   , 0.01 (               |-*            ), 0.39,  0.40,  0.41,  0.41,  0.41
   4 ,           grid_RF_50 ,    0.41   , 0.01 (               |-*            ), 0.36,  0.40,  0.41,  0.41,  0.41
   4 ,         random_RF_50 ,    0.41   , 0.01 (               |-*            ), 0.39,  0.40,  0.41,  0.41,  0.41
   4 ,         random_RF_25 ,    0.41   , 0.01 (               |-*            ), 0.39,  0.40,  0.41,  0.41,  0.41
   4 ,        random_DTC_25 ,    0.43   , 0.09 (               |  *-          ), 0.37,  0.39,  0.43,  0.43,  0.48
   4 ,        random_DTC_50 ,    0.43   , 0.09 (               |  *-          ), 0.37,  0.39,  0.43,  0.43,  0.48
   4 ,       random_DTC_100 ,    0.43   , 0.09 (               |  *-          ), 0.37,  0.39,  0.43,  0.43,  0.48
   4 ,          grid_RF_100 ,    0.42   , 0.02 (               |  *           ), 0.41,  0.41,  0.42,  0.42,  0.43
   4 ,           de_DTC_100 ,    0.43   , 0.05 (               |- *           ), 0.38,  0.40,  0.43,  0.43,  0.45
   4 ,             de_RF_50 ,    0.42   , 0.01 (               |- *           ), 0.39,  0.42,  0.42,  0.42,  0.43
   4 ,            de_RF_100 ,    0.42   , 0.01 (               | -*           ), 0.40,  0.42,  0.42,  0.42,  0.43
   4 ,            de_DTC_25 ,    0.44   , 0.08 (               |   *          ), 0.41,  0.41,  0.44,  0.44,  0.49
   4 ,            de_DTC_50 ,    0.44   , 0.12 (               |--*----       ), 0.39,  0.43,  0.44,  0.44,  0.55
   5 ,          smac_RF_100 ,    0.52   , 0.06 (               |      *       ), 0.49,  0.49,  0.52,  0.52,  0.55
   5 ,           smac_RF_50 ,    0.53   , 0.15 (               |     -*-----  ), 0.49,  0.52,  0.53,  0.53,  0.67
   5 ,         smac_SVM_100 ,    0.55   , 0.12 (               |       *---   ), 0.49,  0.51,  0.55,  0.55,  0.63
   5 ,          smac_SVM_50 ,    0.62   , 0.17 (               |  ---     *-- ), 0.42,  0.51,  0.62,  0.62,  0.68
   6 ,         smac_DTC_100 ,    0.61   , 0.01 (               |          *   ), 0.60,  0.60,  0.61,  0.61,  0.61
   6 ,           smac_RF_25 ,    0.61   , 0.05 (               |         -*-  ), 0.58,  0.61,  0.61,  0.61,  0.66
   6 ,          smac_DTC_50 ,    0.61   , 0.03 (               |         -*   ), 0.60,  0.61,  0.61,  0.61,  0.64
   6 ,         smac_KNN_100 ,    0.61   ,  0.0 (               |        --*   ), 0.56,  0.61,  0.61,  0.61,  0.61
   6 ,          smac_SVM_25 ,    0.63   , 0.07 (               | --------  *  ), 0.40,  0.60,  0.63,  0.63,  0.67
   6 ,          smac_DTC_25 ,    0.64   , 0.03 (               |         - *  ), 0.60,  0.61,  0.64,  0.64,  0.64
   6 ,          smac_KNN_50 ,    0.63   , 0.04 (               |          -*  ), 0.62,  0.63,  0.63,  0.63,  0.67
   6 ,          smac_KNN_25 ,    0.69   , 0.02 (               |  -----------*), 0.42,  0.68,  0.69,  0.69,  0.70
