
rank ,                 name ,    med   ,  iqr 
----------------------------------------------------
   1 ,          smac_RF_100 ,    0.04   , 0.01 (   -*-         |              ), 0.03,  0.04,  0.04,  0.04,  0.05
   1 ,         grid_SVM_100 ,    0.09   , 0.08 (           *   |              ), 0.01,  0.01,  0.09,  0.09,  0.09
   1 ,           smac_RF_50 ,    0.05   , 0.08 (      *--------|--            ), 0.05,  0.05,  0.05,  0.05,  0.13
   1 ,           smac_RF_25 ,    0.07   , 0.15 (    -   *------|------------  ), 0.04,  0.05,  0.07,  0.07,  0.20
   1 ,           grid_RF_50 ,    0.07   , 0.01 (        *      |              ), 0.06,  0.06,  0.07,  0.07,  0.07
   1 ,           grid_RF_25 ,    0.07   , 0.01 (        *      |              ), 0.06,  0.06,  0.07,  0.07,  0.07
   1 ,          grid_RF_100 ,    0.07   , 0.01 (        *      |              ), 0.06,  0.06,  0.07,  0.07,  0.07
   2 ,            de_RF_100 ,    0.1   , 0.03 (             * |              ), 0.08,  0.08,  0.10,  0.10,  0.11
   2 ,            de_SVM_25 ,    0.09   , 0.04 (           -*--|--            ), 0.09,  0.09,  0.09,  0.09,  0.13
   2 ,          grid_SVM_50 ,    0.1   , 0.01 (------------ * |              ), 0.01,  0.09,  0.10,  0.10,  0.10
   2 ,           de_SVM_100 ,    0.11   , 0.05 (              *|---           ), 0.09,  0.09,  0.11,  0.11,  0.14
   2 ,        random_RF_100 ,    0.11   , 0.03 (     -------  *|              ), 0.05,  0.09,  0.11,  0.11,  0.12
   2 ,         random_RF_50 ,    0.11   , 0.03 (     -------  *|              ), 0.05,  0.09,  0.11,  0.11,  0.12
   2 ,         random_RF_25 ,    0.11   , 0.03 (     -------  *|              ), 0.05,  0.09,  0.11,  0.11,  0.12
   2 ,         smac_KNN_100 ,    0.14   , 0.07 (        --     |   *-         ), 0.07,  0.08,  0.14,  0.14,  0.15
   2 ,        random_SVM_50 ,    0.14   , 0.05 (               |   *          ), 0.09,  0.09,  0.14,  0.14,  0.14
   2 ,       random_SVM_100 ,    0.14   , 0.05 (               |   *          ), 0.09,  0.09,  0.14,  0.14,  0.14
   2 ,        random_SVM_25 ,    0.14   , 0.05 (               |   *          ), 0.09,  0.09,  0.14,  0.14,  0.14
   2 ,             de_RF_50 ,    0.12   ,  0.0 (        -------|*             ), 0.07,  0.12,  0.12,  0.12,  0.12
   2 ,             de_RF_25 ,    0.13   , 0.03 (             --| *--          ), 0.10,  0.12,  0.13,  0.13,  0.15
   2 ,        random_DTC_25 ,    0.14   , 0.04 (             --|   *-         ), 0.10,  0.11,  0.14,  0.14,  0.15
   2 ,        random_DTC_50 ,    0.14   , 0.04 (             --|   *-         ), 0.10,  0.11,  0.14,  0.14,  0.15
   2 ,       random_DTC_100 ,    0.14   , 0.04 (             --|   *-         ), 0.10,  0.11,  0.14,  0.14,  0.15
   2 ,          smac_KNN_25 ,    0.18   ,  0.1 (      ----     |         *    ), 0.05,  0.08,  0.18,  0.18,  0.18
   2 ,         smac_DTC_100 ,    0.13   , 0.03 (               |- *----       ), 0.11,  0.12,  0.13,  0.13,  0.16
   2 ,          grid_SVM_25 ,    0.13   ,  0.0 (               | *            ), 0.13,  0.13,  0.13,  0.13,  0.13
   2 ,          smac_DTC_50 ,    0.14   , 0.04 (              -|-  *---       ), 0.11,  0.13,  0.14,  0.14,  0.17
   2 ,          smac_DTC_25 ,    0.14   , 0.02 (               |   *--        ), 0.13,  0.14,  0.14,  0.14,  0.16
   2 ,            de_SVM_50 ,    0.14   ,  0.0 (               | --*          ), 0.13,  0.14,  0.14,  0.14,  0.14
   2 ,         smac_SVM_100 ,    0.14   , 0.01 (              -|---*          ), 0.10,  0.14,  0.14,  0.14,  0.15
   2 ,          smac_SVM_25 ,    0.14   , 0.03 (              -|--- *--       ), 0.10,  0.14,  0.14,  0.14,  0.17
   2 ,            de_DTC_25 ,    0.16   , 0.04 (            ---|---   *--     ), 0.09,  0.14,  0.16,  0.16,  0.18
   2 ,         grid_DTC_100 ,    0.16   , 0.02 (               |   -  *-      ), 0.14,  0.15,  0.16,  0.16,  0.17
   2 ,            de_DTC_50 ,    0.16   , 0.05 (               |   -- *-----  ), 0.14,  0.15,  0.16,  0.16,  0.20
   2 ,          smac_KNN_50 ,    0.18   , 0.04 (        -------|---      *    ), 0.07,  0.14,  0.18,  0.18,  0.18
   2 ,           de_DTC_100 ,    0.17   , 0.04 (               |------  *---  ), 0.12,  0.16,  0.17,  0.17,  0.20
   2 ,          grid_DTC_25 ,    0.17   , 0.02 (               |        *     ), 0.16,  0.16,  0.17,  0.17,  0.18
   2 ,          grid_DTC_50 ,    0.17   , 0.03 (               |      - *---  ), 0.16,  0.17,  0.17,  0.17,  0.20
   3 ,        random_KNN_50 ,    0.2   , 0.01 (               |      ----- * ), 0.16,  0.19,  0.20,  0.20,  0.20
   3 ,        random_KNN_25 ,    0.2   , 0.01 (               |      ----- * ), 0.16,  0.19,  0.20,  0.20,  0.20
   3 ,       random_KNN_100 ,    0.2   , 0.01 (               |      ----- * ), 0.16,  0.19,  0.20,  0.20,  0.20
   3 ,            de_KNN_25 ,    0.2   , 0.01 (               |      ----- * ), 0.16,  0.19,  0.20,  0.20,  0.20
   3 ,            de_KNN_50 ,    0.2   ,  0.0 (               |    --------* ), 0.15,  0.20,  0.20,  0.20,  0.20
   3 ,          grid_KNN_25 ,    0.21   , 0.01 (               |         --- *), 0.18,  0.20,  0.21,  0.21,  0.21
   3 ,         grid_KNN_100 ,    0.21   , 0.01 (               |         --- *), 0.18,  0.20,  0.21,  0.21,  0.21
   3 ,           de_KNN_100 ,    0.21   , 0.01 (               |             *), 0.20,  0.20,  0.21,  0.21,  0.21
   3 ,          grid_KNN_50 ,    0.21   , 0.01 (               |         --- *), 0.18,  0.20,  0.21,  0.21,  0.21
