
rank ,                 name ,    med   ,  iqr 
----------------------------------------------------
   1 ,          smac_KNN_50 ,    0.17   ,  0.0 (*              |              ), 0.17,  0.17,  0.17,  0.17,  0.17
   1 ,         smac_KNN_100 ,    0.17   ,  0.0 (*              |              ), 0.17,  0.17,  0.17,  0.17,  0.17
   1 ,          smac_KNN_25 ,    0.17   , 0.03 (*              |              ), 0.17,  0.17,  0.17,  0.17,  0.20
   2 ,         smac_SVM_100 ,    0.2   , 0.04 ( *             |              ), 0.17,  0.17,  0.20,  0.20,  0.21
   2 ,          smac_DTC_25 ,    0.2   ,  0.0 (-*             |              ), 0.18,  0.20,  0.20,  0.20,  0.20
   2 ,          smac_DTC_50 ,    0.2   ,  0.0 (-*             |              ), 0.19,  0.20,  0.20,  0.20,  0.20
   2 ,         smac_DTC_100 ,    0.2   , 0.01 ( *             |              ), 0.20,  0.20,  0.20,  0.20,  0.21
   3 ,          smac_SVM_25 ,    0.22   , 0.01 ( -*            |              ), 0.21,  0.21,  0.22,  0.22,  0.22
   3 ,           smac_RF_50 ,    0.22   , 0.01 (  *            |              ), 0.21,  0.21,  0.22,  0.22,  0.22
   3 ,          smac_RF_100 ,    0.22   , 0.01 (  *            |              ), 0.21,  0.21,  0.22,  0.22,  0.22
   3 ,           smac_RF_25 ,    0.22   ,  0.0 ( -*            |              ), 0.21,  0.22,  0.22,  0.22,  0.22
   4 ,            de_KNN_25 ,    0.7   , 0.01 (               |        -*    ), 0.69,  0.69,  0.70,  0.70,  0.70
   4 ,          grid_KNN_25 ,    0.7   , 0.01 (               |         *    ), 0.69,  0.70,  0.70,  0.70,  0.71
   4 ,         grid_KNN_100 ,    0.7   , 0.01 (               |         *    ), 0.69,  0.70,  0.70,  0.70,  0.71
   4 ,          grid_KNN_50 ,    0.7   , 0.01 (               |         *    ), 0.69,  0.70,  0.70,  0.70,  0.71
   4 ,           de_KNN_100 ,    0.7   , 0.01 (               |         *    ), 0.70,  0.70,  0.70,  0.70,  0.71
   4 ,            de_KNN_50 ,    0.7   ,  0.0 (               |        -*    ), 0.69,  0.70,  0.70,  0.70,  0.70
   4 ,         grid_DTC_100 ,    0.7   , 0.01 (               |       --*    ), 0.67,  0.70,  0.70,  0.70,  0.71
   4 ,        random_KNN_50 ,    0.71   , 0.01 (               |         *    ), 0.70,  0.71,  0.71,  0.71,  0.72
   4 ,        random_KNN_25 ,    0.71   , 0.01 (               |         *    ), 0.70,  0.71,  0.71,  0.71,  0.72
   4 ,       random_KNN_100 ,    0.71   , 0.01 (               |         *    ), 0.70,  0.71,  0.71,  0.71,  0.72
   4 ,          grid_DTC_50 ,    0.73   , 0.03 (               |          *   ), 0.69,  0.70,  0.73,  0.73,  0.73
   4 ,            de_DTC_25 ,    0.72   , 0.02 (               |          *   ), 0.69,  0.71,  0.72,  0.72,  0.73
   4 ,          grid_DTC_25 ,    0.73   , 0.04 (               |        - *   ), 0.69,  0.71,  0.73,  0.73,  0.75
   4 ,        random_DTC_25 ,    0.73   , 0.04 (               |        - *   ), 0.69,  0.71,  0.73,  0.73,  0.75
   4 ,        random_DTC_50 ,    0.73   , 0.04 (               |        - *   ), 0.69,  0.71,  0.73,  0.73,  0.75
   4 ,       random_DTC_100 ,    0.73   , 0.04 (               |        - *   ), 0.69,  0.71,  0.73,  0.73,  0.75
   4 ,           de_DTC_100 ,    0.73   , 0.01 (               |          *   ), 0.72,  0.72,  0.73,  0.73,  0.73
   4 ,            de_DTC_50 ,    0.74   , 0.03 (               |         - *  ), 0.71,  0.73,  0.74,  0.74,  0.76
   5 ,           grid_RF_50 ,    0.76   , 0.03 (               |            * ), 0.74,  0.75,  0.76,  0.76,  0.78
   5 ,            de_RF_100 ,    0.78   , 0.03 (               |             *), 0.75,  0.75,  0.78,  0.78,  0.78
   5 ,           grid_RF_25 ,    0.77   ,  0.0 (               |            * ), 0.76,  0.77,  0.77,  0.77,  0.77
   5 ,             de_RF_25 ,    0.77   , 0.02 (               |            * ), 0.76,  0.77,  0.77,  0.77,  0.79
   5 ,             de_RF_50 ,    0.78   , 0.01 (               |             *), 0.77,  0.77,  0.78,  0.78,  0.78
   5 ,        random_RF_100 ,    0.79   , 0.01 (               |            -*), 0.77,  0.78,  0.79,  0.79,  0.79
   5 ,         random_RF_50 ,    0.79   , 0.01 (               |            -*), 0.77,  0.78,  0.79,  0.79,  0.79
   5 ,         random_RF_25 ,    0.79   , 0.01 (               |            -*), 0.77,  0.78,  0.79,  0.79,  0.79
   5 ,          grid_RF_100 ,    0.78   , 0.01 (               |            -*), 0.77,  0.78,  0.78,  0.78,  0.79
   5 ,          grid_SVM_50 ,    0.78   , 0.01 (               |             *), 0.78,  0.78,  0.78,  0.78,  0.79
   5 ,           de_SVM_100 ,    0.79   , 0.01 (               |             *), 0.78,  0.78,  0.79,  0.79,  0.79
   5 ,            de_SVM_25 ,    0.79   ,  0.0 (               |             *), 0.78,  0.79,  0.79,  0.79,  0.79
   5 ,          grid_SVM_25 ,    0.79   ,  0.0 (               |             *), 0.79,  0.79,  0.79,  0.79,  0.79
   5 ,         grid_SVM_100 ,    0.79   ,  0.0 (               |             *), 0.79,  0.79,  0.79,  0.79,  0.79
   5 ,        random_SVM_50 ,    0.79   ,  0.0 (               |             *), 0.79,  0.79,  0.79,  0.79,  0.79
   5 ,       random_SVM_100 ,    0.79   ,  0.0 (               |             *), 0.79,  0.79,  0.79,  0.79,  0.79
   5 ,            de_SVM_50 ,    0.79   , 0.01 (               |             *), 0.79,  0.79,  0.79,  0.79,  0.80
   5 ,        random_SVM_25 ,    0.79   ,  0.0 (               |             *), 0.79,  0.79,  0.79,  0.79,  0.79
