
rank ,                 name ,    med   ,  iqr 
----------------------------------------------------
   1 ,            de_SVM_25 ,    0.17   , 0.11 ( --    *----   |              ), 0.10,  0.11,  0.17,  0.17,  0.22
   1 ,         grid_SVM_100 ,    0.18   , 0.09 (      --*------|              ), 0.15,  0.18,  0.18,  0.18,  0.27
   1 ,            de_SVM_50 ,    0.2   , 0.03 (     ---  *    |              ), 0.15,  0.18,  0.20,  0.20,  0.21
   1 ,        random_SVM_50 ,    0.24   , 0.13 (------       *-|--            ), 0.08,  0.16,  0.24,  0.24,  0.29
   1 ,       random_SVM_100 ,    0.24   , 0.13 (------       *-|--            ), 0.08,  0.16,  0.24,  0.24,  0.29
   1 ,        random_SVM_25 ,    0.24   , 0.13 (------       *-|--            ), 0.08,  0.16,  0.24,  0.24,  0.29
   1 ,          grid_SVM_25 ,    0.24   ,  0.1 (              *|              ), 0.16,  0.16,  0.24,  0.24,  0.26
   1 ,          grid_SVM_50 ,    0.26   ,  0.1 (      -        *              ), 0.16,  0.16,  0.26,  0.26,  0.26
   1 ,           de_SVM_100 ,    0.25   , 0.09 (      --      *|              ), 0.16,  0.18,  0.25,  0.25,  0.27
   2 ,        random_KNN_50 ,    0.3   ,  0.0 (               |  *           ), 0.29,  0.30,  0.30,  0.30,  0.30
   2 ,        random_KNN_25 ,    0.3   ,  0.0 (               |  *           ), 0.29,  0.30,  0.30,  0.30,  0.30
   2 ,       random_KNN_100 ,    0.3   ,  0.0 (               |  *           ), 0.29,  0.30,  0.30,  0.30,  0.30
   2 ,            de_KNN_50 ,    0.3   , 0.01 (               |  *           ), 0.29,  0.30,  0.30,  0.30,  0.31
   2 ,          grid_KNN_25 ,    0.31   , 0.01 (               |   *          ), 0.29,  0.30,  0.31,  0.31,  0.31
   2 ,         grid_KNN_100 ,    0.31   , 0.01 (               |   *          ), 0.29,  0.30,  0.31,  0.31,  0.31
   2 ,           de_KNN_100 ,    0.31   , 0.01 (               |   *          ), 0.29,  0.30,  0.31,  0.31,  0.31
   2 ,            de_KNN_25 ,    0.31   , 0.01 (               |   *          ), 0.30,  0.30,  0.31,  0.31,  0.31
   2 ,          grid_KNN_50 ,    0.31   , 0.01 (               |   *          ), 0.29,  0.30,  0.31,  0.31,  0.31
   2 ,         smac_SVM_100 ,    0.34   , 0.05 (               |  --  *--     ), 0.30,  0.32,  0.34,  0.34,  0.37
   3 ,          smac_SVM_25 ,    0.35   , 0.02 (               |    --*-      ), 0.32,  0.34,  0.35,  0.35,  0.36
   3 ,          smac_SVM_50 ,    0.35   , 0.01 (               |   --- *      ), 0.31,  0.35,  0.35,  0.35,  0.36
   4 ,          smac_DTC_25 ,    0.36   , 0.03 (               |        *-    ), 0.36,  0.36,  0.36,  0.36,  0.39
   4 ,         smac_DTC_100 ,    0.36   ,  0.0 (               |        *     ), 0.36,  0.36,  0.36,  0.36,  0.36
   4 ,            de_RF_100 ,    0.37   , 0.01 (               |        *     ), 0.36,  0.36,  0.37,  0.37,  0.37
   4 ,            de_DTC_25 ,    0.37   , 0.02 (               |        *-    ), 0.36,  0.37,  0.37,  0.37,  0.39
   4 ,          smac_DTC_50 ,    0.38   , 0.07 (               |         *--- ), 0.36,  0.36,  0.38,  0.38,  0.43
   4 ,         grid_DTC_100 ,    0.37   , 0.02 (               |         *    ), 0.37,  0.37,  0.37,  0.37,  0.39
   4 ,            de_DTC_50 ,    0.37   , 0.02 (               |      -- *    ), 0.35,  0.37,  0.37,  0.37,  0.39
   4 ,          smac_RF_100 ,    0.37   , 0.01 (               |        -*    ), 0.37,  0.37,  0.37,  0.37,  0.38
   4 ,             de_RF_25 ,    0.38   , 0.01 (               |        -*    ), 0.37,  0.37,  0.38,  0.38,  0.38
   4 ,        random_RF_100 ,    0.38   , 0.01 (               |         *    ), 0.37,  0.37,  0.38,  0.38,  0.38
   4 ,          grid_DTC_50 ,    0.38   , 0.02 (               |         *    ), 0.36,  0.37,  0.38,  0.38,  0.39
   4 ,         random_RF_50 ,    0.38   , 0.01 (               |         *    ), 0.37,  0.37,  0.38,  0.38,  0.38
   4 ,             de_RF_50 ,    0.38   , 0.01 (               |        -*    ), 0.37,  0.37,  0.38,  0.38,  0.38
   4 ,         random_RF_25 ,    0.38   , 0.01 (               |         *    ), 0.37,  0.37,  0.38,  0.38,  0.38
   4 ,           grid_RF_25 ,    0.38   , 0.01 (               |         *    ), 0.37,  0.37,  0.38,  0.38,  0.38
   4 ,          smac_KNN_25 ,    0.39   , 0.03 (               |    ----  *   ), 0.32,  0.36,  0.39,  0.39,  0.39
   4 ,           grid_RF_50 ,    0.38   ,  0.0 (               |         *    ), 0.38,  0.38,  0.38,  0.38,  0.38
   4 ,           smac_RF_50 ,    0.38   ,  0.0 (               |         *    ), 0.38,  0.38,  0.38,  0.38,  0.38
   4 ,          grid_RF_100 ,    0.38   ,  0.0 (               |         *    ), 0.38,  0.38,  0.38,  0.38,  0.38
   4 ,           smac_RF_25 ,    0.38   , 0.02 (               |         *-   ), 0.38,  0.38,  0.38,  0.38,  0.40
   4 ,          smac_KNN_50 ,    0.4   , 0.02 (               |           *  ), 0.38,  0.38,  0.40,  0.40,  0.40
   4 ,          grid_DTC_25 ,    0.39   , 0.02 (               |        --*-  ), 0.37,  0.39,  0.39,  0.39,  0.41
   4 ,           de_DTC_100 ,    0.4   , 0.03 (               |         - *- ), 0.38,  0.39,  0.40,  0.40,  0.42
   4 ,        random_DTC_25 ,    0.39   , 0.02 (               |        --*-  ), 0.37,  0.39,  0.39,  0.39,  0.41
   4 ,        random_DTC_50 ,    0.39   , 0.02 (               |        --*-  ), 0.37,  0.39,  0.39,  0.39,  0.41
   4 ,       random_DTC_100 ,    0.39   , 0.02 (               |        --*-  ), 0.37,  0.39,  0.39,  0.39,  0.41
   4 ,         smac_KNN_100 ,    0.4   ,  0.0 (               |          -*  ), 0.38,  0.40,  0.40,  0.40,  0.40
