
rank ,                 name ,    med   ,  iqr 
----------------------------------------------------
   1 ,         smac_SVM_100 ,    0.08   , 0.03 (-*---          |              ), 0.07,  0.08,  0.08,  0.08,  0.11
   1 ,          smac_SVM_25 ,    0.09   , 0.03 (   *-          |              ), 0.08,  0.08,  0.09,  0.09,  0.11
   2 ,          smac_SVM_50 ,    0.11   , 0.04 ( --  *--       |              ), 0.08,  0.09,  0.11,  0.11,  0.13
   2 ,           smac_RF_50 ,    0.13   , 0.05 (        *      |              ), 0.09,  0.09,  0.13,  0.13,  0.14
   2 ,           smac_RF_25 ,    0.13   , 0.04 (        *      |              ), 0.10,  0.10,  0.13,  0.13,  0.14
   3 ,          smac_KNN_50 ,    0.16   , 0.01 (        -- *   |              ), 0.14,  0.15,  0.16,  0.16,  0.16
   3 ,         smac_KNN_100 ,    0.16   ,  0.0 (          -*   |              ), 0.15,  0.16,  0.16,  0.16,  0.16
   3 ,          smac_KNN_25 ,    0.17   , 0.03 (     -----   * |              ), 0.11,  0.15,  0.17,  0.17,  0.18
   3 ,          grid_SVM_50 ,    0.17   , 0.07 (             *-|------        ), 0.17,  0.17,  0.17,  0.17,  0.24
   3 ,          smac_RF_100 ,    0.19   , 0.06 (         --    *---           ), 0.14,  0.16,  0.19,  0.19,  0.22
   3 ,            de_SVM_50 ,    0.18   , 0.06 (            - *|-----         ), 0.17,  0.18,  0.18,  0.18,  0.24
   3 ,        random_SVM_50 ,    0.19   , 0.06 (     ----------*------        ), 0.11,  0.19,  0.19,  0.19,  0.25
   3 ,       random_SVM_100 ,    0.19   , 0.06 (     ----------*------        ), 0.11,  0.19,  0.19,  0.19,  0.25
   3 ,        random_SVM_25 ,    0.19   , 0.06 (     ----------*------        ), 0.11,  0.19,  0.19,  0.19,  0.25
   3 ,            de_SVM_25 ,    0.19   , 0.02 (       ------- *              ), 0.12,  0.18,  0.19,  0.19,  0.20
   3 ,          smac_DTC_25 ,    0.19   , 0.01 (            ---*              ), 0.17,  0.19,  0.19,  0.19,  0.20
   3 ,          smac_DTC_50 ,    0.19   ,  0.0 (               *              ), 0.19,  0.19,  0.19,  0.19,  0.19
   3 ,          grid_DTC_25 ,    0.2   , 0.04 (               |*--           ), 0.18,  0.18,  0.20,  0.20,  0.22
   3 ,             de_RF_25 ,    0.2   , 0.03 (            -- |*-            ), 0.17,  0.18,  0.20,  0.20,  0.21
   3 ,             de_RF_50 ,    0.19   , 0.03 (              -*--            ), 0.18,  0.19,  0.19,  0.19,  0.22
   3 ,         smac_DTC_100 ,    0.2   , 0.01 (               |*             ), 0.19,  0.19,  0.20,  0.20,  0.20
   3 ,            de_RF_100 ,    0.2   , 0.02 (            ---| *-           ), 0.16,  0.20,  0.20,  0.20,  0.22
   3 ,            de_DTC_50 ,    0.21   , 0.01 (               | *            ), 0.20,  0.20,  0.21,  0.21,  0.21
   3 ,          grid_RF_100 ,    0.21   , 0.02 (            ---|  *           ), 0.17,  0.20,  0.21,  0.21,  0.22
   3 ,           grid_RF_50 ,    0.21   ,  0.0 (               |-*            ), 0.19,  0.21,  0.21,  0.21,  0.21
   3 ,        random_RF_100 ,    0.22   , 0.02 (          -----|  *           ), 0.15,  0.20,  0.22,  0.22,  0.22
   3 ,         random_RF_50 ,    0.22   , 0.02 (          -----|  *           ), 0.15,  0.20,  0.22,  0.22,  0.22
   3 ,         random_RF_25 ,    0.22   , 0.02 (          -----|  *           ), 0.15,  0.20,  0.22,  0.22,  0.22
   3 ,           grid_RF_25 ,    0.21   , 0.01 (               |- *           ), 0.20,  0.21,  0.21,  0.21,  0.22
   3 ,           de_SVM_100 ,    0.25   , 0.06 (             --|      *       ), 0.17,  0.19,  0.25,  0.25,  0.25
   3 ,          grid_DTC_50 ,    0.23   , 0.07 (               |    *-----    ), 0.21,  0.21,  0.23,  0.23,  0.28
   3 ,         grid_DTC_100 ,    0.22   , 0.05 (               |-- *-----     ), 0.19,  0.22,  0.22,  0.22,  0.27
   3 ,            de_DTC_25 ,    0.23   , 0.02 (            ---|--- *         ), 0.17,  0.22,  0.23,  0.23,  0.24
   3 ,         grid_SVM_100 ,    0.26   , 0.07 (     ----------|        *     ), 0.11,  0.20,  0.26,  0.26,  0.27
   3 ,           de_DTC_100 ,    0.24   , 0.03 (              -|---- *-       ), 0.18,  0.23,  0.24,  0.24,  0.26
   3 ,          grid_SVM_25 ,    0.24   , 0.01 (               |    -*-       ), 0.23,  0.24,  0.24,  0.24,  0.25
   3 ,        random_DTC_25 ,    0.25   , 0.03 (               |    -  *-     ), 0.23,  0.24,  0.25,  0.25,  0.27
   3 ,        random_DTC_50 ,    0.25   , 0.03 (               |    -  *-     ), 0.23,  0.24,  0.25,  0.25,  0.27
   3 ,       random_DTC_100 ,    0.25   , 0.03 (               |    -  *-     ), 0.23,  0.24,  0.25,  0.25,  0.27
   4 ,            de_KNN_25 ,    0.28   , 0.04 (               |  ----    *   ), 0.22,  0.24,  0.28,  0.28,  0.28
   4 ,          grid_KNN_25 ,    0.28   , 0.06 (               |   ----   *-- ), 0.22,  0.25,  0.28,  0.28,  0.31
   4 ,         grid_KNN_100 ,    0.28   , 0.06 (               |   ----   *-- ), 0.22,  0.25,  0.28,  0.28,  0.31
   4 ,          grid_KNN_50 ,    0.28   , 0.06 (               |   ----   *-- ), 0.22,  0.25,  0.28,  0.28,  0.31
   4 ,        random_KNN_50 ,    0.27   ,  0.0 (               |       --*    ), 0.26,  0.27,  0.27,  0.27,  0.27
   4 ,        random_KNN_25 ,    0.27   ,  0.0 (               |       --*    ), 0.26,  0.27,  0.27,  0.27,  0.27
   4 ,       random_KNN_100 ,    0.27   ,  0.0 (               |       --*    ), 0.26,  0.27,  0.27,  0.27,  0.27
   4 ,           de_KNN_100 ,    0.28   ,  0.0 (               |       ---*   ), 0.25,  0.28,  0.28,  0.28,  0.28
   4 ,            de_KNN_50 ,    0.28   , 0.02 (               |       ---*-- ), 0.26,  0.28,  0.28,  0.28,  0.30
