
rank ,                 name ,    med   ,  iqr 
----------------------------------------------------
   1 ,          smac_DTC_25 ,    0.1   , 0.03 ( *             |              ), 0.07,  0.07,  0.10,  0.10,  0.10
   1 ,         smac_DTC_100 ,    0.1   , 0.03 (-*             |              ), 0.08,  0.09,  0.10,  0.10,  0.12
   2 ,          smac_DTC_50 ,    0.13   , 0.04 (- *            |              ), 0.09,  0.09,  0.12,  0.12,  0.13
   2 ,         smac_KNN_100 ,    0.11   , 0.01 ( *             |              ), 0.11,  0.11,  0.11,  0.11,  0.12
   2 ,          smac_KNN_25 ,    0.11   ,  0.0 ( *             |              ), 0.09,  0.11,  0.11,  0.11,  0.11
   2 ,          smac_KNN_50 ,    0.11   , 0.01 ( *             |              ), 0.10,  0.11,  0.11,  0.11,  0.12
   3 ,          smac_SVM_50 ,    0.18   , 0.09 (  - *-         |              ), 0.12,  0.14,  0.18,  0.18,  0.23
   3 ,          smac_SVM_25 ,    0.2   , 0.05 ( --  *         |              ), 0.10,  0.16,  0.20,  0.20,  0.21
   4 ,           smac_RF_50 ,    0.23   , 0.01 (      *        |              ), 0.20,  0.22,  0.23,  0.23,  0.23
   4 ,           smac_RF_25 ,    0.23   , 0.01 (      *        |              ), 0.20,  0.22,  0.23,  0.23,  0.23
   4 ,          smac_RF_100 ,    0.23   , 0.01 (     -*        |              ), 0.22,  0.23,  0.23,  0.23,  0.24
   5 ,         grid_SVM_100 ,    0.25   , 0.31 (      *--------|--            ), 0.25,  0.25,  0.25,  0.25,  0.56
   5 ,        random_SVM_50 ,    0.48   , 0.03 (      ---------*              ), 0.24,  0.48,  0.48,  0.48,  0.51
   5 ,       random_SVM_100 ,    0.48   , 0.03 (      ---------*              ), 0.24,  0.48,  0.48,  0.48,  0.51
   5 ,        random_SVM_25 ,    0.48   , 0.03 (      ---------*              ), 0.24,  0.48,  0.48,  0.48,  0.51
   5 ,            de_SVM_50 ,    0.56   , 0.25 (      ---------|  *-----      ), 0.24,  0.47,  0.56,  0.56,  0.72
   5 ,            de_SVM_25 ,    0.56   , 0.23 (---------------|  *----       ), 0.06,  0.48,  0.56,  0.56,  0.71
   6 ,          grid_SVM_50 ,    0.57   ,  0.0 (               |  *           ), 0.57,  0.57,  0.57,  0.57,  0.57
   6 ,           de_DTC_100 ,    0.72   , 0.29 (             - |        *     ), 0.44,  0.45,  0.72,  0.72,  0.74
   6 ,           de_SVM_100 ,    0.72   , 0.24 (        -------|        *     ), 0.30,  0.48,  0.72,  0.72,  0.72
   7 ,         grid_DTC_100 ,    0.69   , 0.06 (               |      *       ), 0.64,  0.64,  0.69,  0.69,  0.70
   7 ,            de_DTC_50 ,    0.72   , 0.12 (               |----    *     ), 0.48,  0.61,  0.72,  0.72,  0.73
   7 ,          grid_DTC_25 ,    0.71   , 0.07 (               |       *      ), 0.64,  0.64,  0.71,  0.71,  0.71
   8 ,        random_DTC_25 ,    0.7   ,  0.1 (               |      -*--    ), 0.67,  0.69,  0.70,  0.70,  0.79
   8 ,        random_DTC_50 ,    0.7   ,  0.1 (               |      -*--    ), 0.67,  0.69,  0.70,  0.70,  0.79
   8 ,       random_DTC_100 ,    0.7   ,  0.1 (               |      -*--    ), 0.67,  0.69,  0.70,  0.70,  0.79
   8 ,            de_DTC_25 ,    0.72   , 0.05 (               |    --  *     ), 0.63,  0.67,  0.72,  0.72,  0.72
   8 ,          grid_KNN_25 ,    0.72   , 0.06 (               |       -*-    ), 0.70,  0.72,  0.72,  0.72,  0.78
   8 ,          grid_SVM_25 ,    0.72   ,  0.0 (               |        *     ), 0.72,  0.72,  0.72,  0.72,  0.72
   9 ,            de_KNN_50 ,    0.74   , 0.07 (               |       -*-    ), 0.71,  0.72,  0.74,  0.74,  0.79
   9 ,         grid_KNN_100 ,    0.74   , 0.01 (               |        *     ), 0.72,  0.73,  0.74,  0.74,  0.74
  10 ,          grid_KNN_50 ,    0.77   , 0.08 (               |         *-   ), 0.73,  0.74,  0.77,  0.77,  0.82
  10 ,           de_KNN_100 ,    0.77   , 0.06 (               |        -*-   ), 0.73,  0.75,  0.77,  0.77,  0.81
  10 ,        random_KNN_50 ,    0.81   , 0.07 (               |        -  *  ), 0.73,  0.76,  0.81,  0.81,  0.83
  10 ,        random_KNN_25 ,    0.81   , 0.07 (               |        -  *  ), 0.73,  0.76,  0.81,  0.81,  0.83
  10 ,       random_KNN_100 ,    0.81   , 0.07 (               |        -  *  ), 0.73,  0.76,  0.81,  0.81,  0.83
  11 ,             de_RF_25 ,    0.82   , 0.07 (               |           *- ), 0.78,  0.79,  0.82,  0.82,  0.86
  11 ,        random_RF_100 ,    0.83   , 0.08 (               |         -  * ), 0.75,  0.79,  0.83,  0.83,  0.87
  11 ,         random_RF_50 ,    0.83   , 0.08 (               |         -  * ), 0.75,  0.79,  0.83,  0.83,  0.87
  11 ,         random_RF_25 ,    0.83   , 0.08 (               |         -  * ), 0.75,  0.79,  0.83,  0.83,  0.87
  11 ,           grid_RF_25 ,    0.83   , 0.03 (               |          - * ), 0.80,  0.80,  0.83,  0.83,  0.83
  11 ,          grid_RF_100 ,    0.82   , 0.07 (               |           *- ), 0.81,  0.81,  0.82,  0.82,  0.88
  11 ,          grid_DTC_50 ,    0.84   , 0.06 (               |        --  * ), 0.72,  0.80,  0.84,  0.84,  0.86
  11 ,            de_RF_100 ,    0.86   , 0.03 (               |        ---- *), 0.74,  0.83,  0.86,  0.86,  0.86
  11 ,            de_KNN_25 ,    0.86   , 0.03 (               |        ---- *), 0.72,  0.83,  0.86,  0.86,  0.86
  11 ,           grid_RF_50 ,    0.87   , 0.04 (               |          -- *), 0.78,  0.83,  0.87,  0.87,  0.87
  11 ,             de_RF_50 ,    0.87   , 0.05 (               |         --- *), 0.75,  0.83,  0.87,  0.87,  0.88
