
rank ,                 name ,    med   ,  iqr 
----------------------------------------------------
   1 ,           smac_RF_50 ,    0.1   , 0.01 (*              |              ), 0.08,  0.09,  0.10,  0.10,  0.10
   1 ,          smac_RF_100 ,    0.12   , 0.05 ( *             |              ), 0.08,  0.09,  0.12,  0.12,  0.14
   2 ,           smac_RF_25 ,    0.14   , 0.03 (- *            |              ), 0.08,  0.12,  0.14,  0.14,  0.15
   2 ,          smac_KNN_50 ,    0.13   , 0.01 ( *             |              ), 0.12,  0.13,  0.13,  0.13,  0.14
   2 ,         smac_KNN_100 ,    0.13   ,  0.0 ( *             |              ), 0.13,  0.13,  0.13,  0.13,  0.13
   2 ,          smac_KNN_25 ,    0.14   , 0.02 ( *             |              ), 0.13,  0.13,  0.14,  0.14,  0.15
   3 ,          smac_SVM_25 ,    0.17   , 0.07 (--*-           |              ), 0.08,  0.15,  0.17,  0.17,  0.22
   3 ,          smac_SVM_50 ,    0.19   , 0.03 (  -*           |              ), 0.15,  0.17,  0.19,  0.19,  0.20
   4 ,         smac_DTC_100 ,    0.22   , 0.08 (    *-         |              ), 0.18,  0.18,  0.22,  0.22,  0.26
   4 ,          smac_DTC_25 ,    0.22   , 0.08 (    *--        |              ), 0.20,  0.22,  0.22,  0.22,  0.30
   4 ,          smac_DTC_50 ,    0.3   , 0.11 (   -   *       |              ), 0.19,  0.21,  0.30,  0.30,  0.32
   4 ,         smac_SVM_100 ,    0.28   , 0.05 (  --- *        |              ), 0.15,  0.25,  0.28,  0.28,  0.30
   5 ,        random_SVM_50 ,    0.61   , 0.06 (               | *-           ), 0.58,  0.60,  0.61,  0.61,  0.66
   5 ,       random_SVM_100 ,    0.61   , 0.06 (               | *-           ), 0.58,  0.60,  0.61,  0.61,  0.66
   5 ,        random_SVM_25 ,    0.61   , 0.06 (               | *-           ), 0.58,  0.60,  0.61,  0.61,  0.66
   5 ,           de_SVM_100 ,    0.72   , 0.24 (           ----|-   *----     ), 0.44,  0.62,  0.72,  0.72,  0.86
   5 ,          grid_SVM_25 ,    0.69   , 0.01 (               |   *          ), 0.66,  0.68,  0.69,  0.69,  0.69
   5 ,            de_SVM_25 ,    0.75   , 0.07 (               |---- *        ), 0.57,  0.71,  0.75,  0.75,  0.78
   5 ,         grid_SVM_100 ,    0.86   , 0.16 (              -|----     *    ), 0.52,  0.70,  0.86,  0.86,  0.86
   5 ,            de_SVM_50 ,    0.9   , 0.16 (               |  ---     *   ), 0.64,  0.75,  0.90,  0.90,  0.91
   6 ,          grid_SVM_50 ,    0.91   , 0.03 (               |  -------  *  ), 0.65,  0.88,  0.91,  0.91,  0.91
   7 ,           de_KNN_100 ,    0.95   , 0.04 (               |            * ), 0.94,  0.94,  0.95,  0.95,  0.98
   7 ,            de_KNN_25 ,    0.95   , 0.02 (               |           -* ), 0.94,  0.94,  0.95,  0.95,  0.96
   7 ,         grid_KNN_100 ,    0.96   , 0.02 (               |            * ), 0.94,  0.95,  0.96,  0.96,  0.97
   7 ,          grid_KNN_25 ,    0.97   , 0.03 (               |             *), 0.94,  0.94,  0.97,  0.97,  0.97
   7 ,          grid_KNN_50 ,    0.97   , 0.04 (               |           - *), 0.93,  0.94,  0.97,  0.97,  0.98
   7 ,        random_KNN_50 ,    0.96   , 0.03 (               |           -* ), 0.92,  0.96,  0.96,  0.96,  0.99
   7 ,        random_KNN_25 ,    0.96   , 0.03 (               |           -* ), 0.92,  0.96,  0.96,  0.96,  0.99
   7 ,       random_KNN_100 ,    0.96   , 0.03 (               |           -* ), 0.92,  0.96,  0.96,  0.96,  0.99
   8 ,            de_KNN_50 ,    0.98   , 0.01 (               |             *), 0.97,  0.97,  0.98,  0.98,  0.98
   9 ,        random_DTC_25 ,    0.99   , 0.01 (               |             *), 0.99,  0.99,  0.99,  0.99,  1.00
   9 ,            de_DTC_25 ,    0.99   , 0.01 (               |             *), 0.99,  0.99,  0.99,  0.99,  1.00
   9 ,        random_DTC_50 ,    0.99   , 0.01 (               |             *), 0.99,  0.99,  0.99,  0.99,  1.00
   9 ,       random_DTC_100 ,    0.99   , 0.01 (               |             *), 0.99,  0.99,  0.99,  0.99,  1.00
   9 ,           de_DTC_100 ,    0.99   , 0.01 (               |             *), 0.98,  0.99,  0.99,  0.99,  1.00
   9 ,          grid_DTC_50 ,    1.0   , 0.01 (               |             *), 0.99,  0.99,  1.00,  1.00,  1.00
   9 ,          grid_DTC_25 ,    1.0   , 0.01 (               |             *), 0.99,  0.99,  1.00,  1.00,  1.00
   9 ,         grid_DTC_100 ,    1.0   , 0.01 (               |             *), 0.99,  0.99,  1.00,  1.00,  1.00
   9 ,             de_RF_25 ,    1.0   ,  0.0 (               |             *), 1.00,  1.00,  1.00,  1.00,  1.00
   9 ,        random_RF_100 ,    1.0   ,  0.0 (               |             *), 1.00,  1.00,  1.00,  1.00,  1.00
   9 ,          grid_RF_100 ,    1.0   ,  0.0 (               |             *), 1.00,  1.00,  1.00,  1.00,  1.00
   9 ,           grid_RF_50 ,    1.0   ,  0.0 (               |             *), 1.00,  1.00,  1.00,  1.00,  1.00
   9 ,         random_RF_50 ,    1.0   ,  0.0 (               |             *), 1.00,  1.00,  1.00,  1.00,  1.00
   9 ,             de_RF_50 ,    1.0   ,  0.0 (               |             *), 1.00,  1.00,  1.00,  1.00,  1.00
   9 ,            de_DTC_50 ,    1.0   ,  0.0 (               |             *), 0.99,  1.00,  1.00,  1.00,  1.00
   9 ,         random_RF_25 ,    1.0   ,  0.0 (               |             *), 1.00,  1.00,  1.00,  1.00,  1.00
   9 ,           grid_RF_25 ,    1.0   ,  0.0 (               |             *), 1.00,  1.00,  1.00,  1.00,  1.00
   9 ,            de_RF_100 ,    1.0   ,  0.0 (               |             *), 1.00,  1.00,  1.00,  1.00,  1.00
