
rank ,                 name ,    med   ,  iqr 
----------------------------------------------------
   1 ,          grid_DTC_50 ,    0.38   , 0.02 (*              |              ), 0.38,  0.38,  0.38,  0.38,  0.40
   2 ,           grid_RF_25 ,    0.4   ,  0.0 (*              |              ), 0.39,  0.40,  0.40,  0.40,  0.40
   2 ,         grid_DTC_100 ,    0.41   , 0.04 ( *             |              ), 0.38,  0.39,  0.41,  0.41,  0.43
   2 ,           grid_RF_50 ,    0.4   ,  0.0 (-*             |              ), 0.40,  0.40,  0.40,  0.40,  0.40
   2 ,          grid_RF_100 ,    0.41   , 0.01 ( *             |              ), 0.40,  0.40,  0.41,  0.41,  0.41
   2 ,            de_RF_100 ,    0.41   , 0.01 ( *             |              ), 0.40,  0.41,  0.41,  0.41,  0.42
   2 ,          grid_DTC_25 ,    0.41   , 0.02 ( *             |              ), 0.40,  0.40,  0.41,  0.41,  0.42
   2 ,        random_DTC_25 ,    0.42   , 0.01 (  *            |              ), 0.41,  0.41,  0.42,  0.42,  0.42
   2 ,        random_DTC_50 ,    0.42   , 0.01 (  *            |              ), 0.41,  0.41,  0.42,  0.42,  0.42
   2 ,       random_DTC_100 ,    0.42   , 0.01 (  *            |              ), 0.41,  0.41,  0.42,  0.42,  0.42
   2 ,            de_DTC_25 ,    0.42   , 0.03 (  *            |              ), 0.41,  0.41,  0.42,  0.42,  0.44
   2 ,             de_RF_25 ,    0.42   , 0.01 (  *            |              ), 0.40,  0.41,  0.42,  0.42,  0.42
   2 ,          grid_SVM_50 ,    0.42   ,  0.0 (  *            |              ), 0.42,  0.42,  0.42,  0.42,  0.42
   2 ,           de_SVM_100 ,    0.42   , 0.01 (  *            |              ), 0.42,  0.42,  0.42,  0.42,  0.43
   2 ,        random_RF_100 ,    0.43   , 0.01 ( -*            |              ), 0.41,  0.42,  0.43,  0.43,  0.43
   2 ,         random_RF_50 ,    0.43   , 0.01 ( -*            |              ), 0.41,  0.42,  0.43,  0.43,  0.43
   2 ,         random_RF_25 ,    0.43   , 0.01 ( -*            |              ), 0.41,  0.42,  0.43,  0.43,  0.43
   2 ,            de_DTC_50 ,    0.42   , 0.01 (--*            |              ), 0.40,  0.42,  0.42,  0.42,  0.43
   2 ,            de_SVM_25 ,    0.43   , 0.01 ( -*            |              ), 0.41,  0.42,  0.43,  0.43,  0.43
   2 ,             de_RF_50 ,    0.43   , 0.01 (  *            |              ), 0.42,  0.42,  0.43,  0.43,  0.43
   2 ,        random_SVM_50 ,    0.43   , 0.01 (  *            |              ), 0.42,  0.42,  0.43,  0.43,  0.43
   2 ,       random_SVM_100 ,    0.43   , 0.01 (  *            |              ), 0.42,  0.42,  0.43,  0.43,  0.43
   2 ,            de_SVM_50 ,    0.43   , 0.01 (  *            |              ), 0.42,  0.42,  0.43,  0.43,  0.43
   2 ,        random_SVM_25 ,    0.43   , 0.01 (  *            |              ), 0.42,  0.42,  0.43,  0.43,  0.43
   2 ,          grid_SVM_25 ,    0.43   , 0.01 (  *            |              ), 0.42,  0.42,  0.43,  0.43,  0.43
   2 ,          grid_KNN_50 ,    0.43   , 0.01 (  *            |              ), 0.42,  0.42,  0.43,  0.43,  0.43
   2 ,         grid_SVM_100 ,    0.43   , 0.01 (  *            |              ), 0.42,  0.42,  0.43,  0.43,  0.43
   2 ,           de_DTC_100 ,    0.43   , 0.02 ( - *           |              ), 0.41,  0.43,  0.43,  0.43,  0.45
   2 ,          grid_KNN_25 ,    0.44   , 0.02 (   *           |              ), 0.43,  0.43,  0.44,  0.44,  0.45
   2 ,         grid_KNN_100 ,    0.44   , 0.01 (  -*           |              ), 0.42,  0.43,  0.44,  0.44,  0.44
   2 ,           de_KNN_100 ,    0.44   , 0.01 (   *           |              ), 0.44,  0.44,  0.44,  0.44,  0.45
   2 ,            de_KNN_25 ,    0.44   ,  0.0 (   *           |              ), 0.43,  0.44,  0.44,  0.44,  0.44
   2 ,        random_KNN_50 ,    0.44   , 0.01 (   *           |              ), 0.44,  0.44,  0.44,  0.44,  0.45
   2 ,        random_KNN_25 ,    0.44   , 0.01 (   *           |              ), 0.44,  0.44,  0.44,  0.44,  0.45
   2 ,       random_KNN_100 ,    0.44   , 0.01 (   *           |              ), 0.44,  0.44,  0.44,  0.44,  0.45
   2 ,            de_KNN_50 ,    0.45   , 0.01 (   *           |              ), 0.44,  0.44,  0.45,  0.45,  0.45
   3 ,          smac_SVM_25 ,    0.87   , 0.06 (               |         -  * ), 0.82,  0.83,  0.87,  0.87,  0.89
   3 ,          smac_SVM_50 ,    0.86   , 0.02 (               |          -*  ), 0.83,  0.85,  0.86,  0.86,  0.87
   3 ,         smac_SVM_100 ,    0.86   , 0.01 (               |        ---*  ), 0.81,  0.86,  0.86,  0.86,  0.87
   3 ,          smac_KNN_50 ,    0.87   , 0.01 (               |            * ), 0.86,  0.86,  0.87,  0.87,  0.87
   3 ,          smac_KNN_25 ,    0.87   , 0.01 (               |            * ), 0.85,  0.86,  0.87,  0.87,  0.87
   3 ,          smac_DTC_25 ,    0.87   , 0.02 (               |          --* ), 0.83,  0.87,  0.87,  0.87,  0.89
   3 ,          smac_DTC_50 ,    0.87   , 0.02 (               |           -* ), 0.86,  0.87,  0.87,  0.87,  0.89
   3 ,         smac_KNN_100 ,    0.87   ,  0.0 (               |           -* ), 0.86,  0.87,  0.87,  0.87,  0.87
   3 ,         smac_DTC_100 ,    0.89   , 0.02 (               |          -- *), 0.83,  0.87,  0.89,  0.89,  0.89
   3 ,           smac_RF_25 ,    0.89   , 0.02 (               |             *), 0.87,  0.87,  0.89,  0.89,  0.89
   3 ,           smac_RF_50 ,    0.9   , 0.03 (               |             *), 0.87,  0.87,  0.90,  0.90,  0.90
   3 ,          smac_RF_100 ,    0.9   , 0.03 (               |             *), 0.87,  0.87,  0.90,  0.90,  0.90
