
rank ,                 name ,    med   ,  iqr 
----------------------------------------------------
   1 ,          smac_KNN_50 ,    0.62   , 0.09 (    *-------   |              ), 0.59,  0.59,  0.62,  0.62,  0.68
   1 ,          smac_DTC_25 ,    0.62   ,  0.0 (    *          |              ), 0.62,  0.62,  0.62,  0.62,  0.62
   1 ,         smac_DTC_100 ,    0.62   ,  0.0 (    *          |              ), 0.62,  0.62,  0.62,  0.62,  0.62
   1 ,          smac_DTC_50 ,    0.62   ,  0.0 (    *          |              ), 0.62,  0.62,  0.62,  0.62,  0.62
   2 ,          smac_KNN_25 ,    0.68   , 0.02 (    --------*--|              ), 0.62,  0.68,  0.68,  0.68,  0.70
   2 ,         grid_SVM_100 ,    0.69   ,  0.0 (           -- *|              ), 0.67,  0.69,  0.69,  0.69,  0.69
   2 ,          smac_SVM_50 ,    0.7   , 0.05 (               |*---          ), 0.68,  0.68,  0.70,  0.70,  0.73
   2 ,            de_SVM_25 ,    0.69   ,  0.0 (              *|              ), 0.69,  0.69,  0.69,  0.69,  0.69
   2 ,          grid_SVM_25 ,    0.69   ,  0.0 (           ---*|              ), 0.67,  0.69,  0.69,  0.69,  0.69
   2 ,           de_SVM_100 ,    0.69   , 0.01 (           ---*|              ), 0.67,  0.69,  0.69,  0.69,  0.70
   2 ,            de_SVM_50 ,    0.69   , 0.01 (              *|              ), 0.69,  0.69,  0.69,  0.69,  0.70
   2 ,          grid_SVM_50 ,    0.69   ,  0.0 (              *|              ), 0.69,  0.69,  0.69,  0.69,  0.69
   2 ,        random_SVM_50 ,    0.69   , 0.01 (              *|              ), 0.69,  0.69,  0.69,  0.69,  0.70
   2 ,       random_SVM_100 ,    0.69   , 0.01 (              *|              ), 0.69,  0.69,  0.69,  0.69,  0.70
   2 ,        random_SVM_25 ,    0.69   , 0.01 (              *|              ), 0.69,  0.69,  0.69,  0.69,  0.70
   2 ,         smac_KNN_100 ,    0.7   ,  0.0 (            ---|*             ), 0.68,  0.70,  0.70,  0.70,  0.70
   2 ,          smac_RF_100 ,    0.7   , 0.03 (            ---|*---          ), 0.68,  0.70,  0.70,  0.70,  0.73
   2 ,          smac_SVM_25 ,    0.73   , 0.03 (        -------|    *         ), 0.65,  0.70,  0.73,  0.73,  0.73
   2 ,           smac_RF_50 ,    0.73   , 0.03 (    -----------|    *         ), 0.62,  0.70,  0.73,  0.73,  0.73
   2 ,           smac_RF_25 ,    0.73   , 0.03 (               |    *         ), 0.70,  0.70,  0.73,  0.73,  0.73
   3 ,        random_KNN_50 ,    0.75   , 0.01 (               |      *       ), 0.74,  0.74,  0.75,  0.75,  0.75
   3 ,        random_KNN_25 ,    0.75   , 0.01 (               |      *       ), 0.74,  0.74,  0.75,  0.75,  0.75
   3 ,            de_KNN_50 ,    0.75   , 0.02 (               |      *-      ), 0.74,  0.74,  0.75,  0.75,  0.76
   3 ,       random_KNN_100 ,    0.75   , 0.01 (               |      *       ), 0.74,  0.74,  0.75,  0.75,  0.75
   3 ,          grid_KNN_25 ,    0.75   ,  0.0 (               |     -*       ), 0.74,  0.75,  0.75,  0.75,  0.75
   3 ,           grid_RF_25 ,    0.75   , 0.01 (               |     -*-      ), 0.74,  0.75,  0.75,  0.75,  0.76
   3 ,        random_DTC_25 ,    0.75   , 0.05 (               |   --- *----- ), 0.73,  0.75,  0.75,  0.75,  0.80
   3 ,         grid_KNN_100 ,    0.75   ,  0.0 (               |       *      ), 0.75,  0.75,  0.75,  0.75,  0.75
   3 ,            de_KNN_25 ,    0.76   , 0.03 (               |        *     ), 0.74,  0.74,  0.76,  0.76,  0.77
   3 ,        random_DTC_50 ,    0.75   , 0.05 (               |   --- *----- ), 0.73,  0.75,  0.75,  0.75,  0.80
   3 ,       random_DTC_100 ,    0.75   , 0.05 (               |   --- *----- ), 0.73,  0.75,  0.75,  0.75,  0.80
   3 ,           de_KNN_100 ,    0.75   , 0.01 (               |     --*      ), 0.74,  0.75,  0.75,  0.75,  0.76
   3 ,          grid_DTC_50 ,    0.75   , 0.02 (               |     - *-     ), 0.74,  0.75,  0.75,  0.75,  0.77
   3 ,             de_RF_50 ,    0.75   ,  0.0 (               |     - *      ), 0.74,  0.75,  0.75,  0.75,  0.75
   3 ,           grid_RF_50 ,    0.75   ,  0.0 (               |       *      ), 0.75,  0.75,  0.75,  0.75,  0.75
   3 ,          grid_KNN_50 ,    0.76   , 0.03 (               |        *     ), 0.74,  0.74,  0.76,  0.76,  0.77
   3 ,             de_RF_25 ,    0.76   , 0.01 (               |     -  *     ), 0.74,  0.75,  0.76,  0.76,  0.76
   3 ,            de_RF_100 ,    0.75   , 0.01 (               |      -*      ), 0.75,  0.75,  0.75,  0.75,  0.76
   3 ,        random_RF_100 ,    0.76   , 0.01 (               |        *     ), 0.75,  0.75,  0.76,  0.76,  0.76
   3 ,          grid_RF_100 ,    0.76   , 0.01 (               |        *     ), 0.75,  0.75,  0.76,  0.76,  0.76
   3 ,         random_RF_50 ,    0.76   , 0.01 (               |        *     ), 0.75,  0.75,  0.76,  0.76,  0.76
   3 ,         random_RF_25 ,    0.76   , 0.01 (               |        *     ), 0.75,  0.75,  0.76,  0.76,  0.76
   3 ,          grid_DTC_25 ,    0.76   ,  0.0 (               |        *     ), 0.76,  0.76,  0.76,  0.76,  0.76
   3 ,         grid_DTC_100 ,    0.76   , 0.01 (               |        *     ), 0.76,  0.76,  0.76,  0.76,  0.77
   3 ,           de_DTC_100 ,    0.78   , 0.03 (               |     --    *  ), 0.74,  0.75,  0.78,  0.78,  0.78
   3 ,            de_DTC_25 ,    0.78   , 0.03 (               |     ---   *  ), 0.74,  0.76,  0.78,  0.78,  0.79
   3 ,            de_DTC_50 ,    0.78   , 0.02 (               |       -   *  ), 0.75,  0.76,  0.78,  0.78,  0.78
