
rank ,                 name ,    med   ,  iqr 
----------------------------------------------------
   1 ,          grid_SVM_25 ,    0.0   ,  0.0 (*              |              ), 0.00,  0.00,  0.00,  0.00,  0.00
   2 ,          smac_DTC_25 ,    0.57   , 0.14 (              -| *--          ), 0.49,  0.54,  0.57,  0.57,  0.68
   2 ,          smac_KNN_50 ,    0.57   , 0.08 (               | *            ), 0.54,  0.54,  0.57,  0.57,  0.62
   2 ,            de_SVM_50 ,    0.57   , 0.06 (        -------| *            ), 0.28,  0.55,  0.57,  0.57,  0.61
   2 ,           de_SVM_100 ,    0.58   , 0.06 (        -------|-*            ), 0.28,  0.57,  0.58,  0.58,  0.63
   3 ,         smac_KNN_100 ,    0.59   , 0.06 (               | *-           ), 0.57,  0.59,  0.59,  0.59,  0.65
   3 ,          smac_KNN_25 ,    0.59   , 0.03 (               | *            ), 0.57,  0.59,  0.59,  0.59,  0.62
   3 ,        random_SVM_50 ,    0.62   , 0.29 (               |- *------     ), 0.54,  0.57,  0.62,  0.62,  0.86
   3 ,       random_SVM_100 ,    0.62   , 0.29 (               |- *------     ), 0.54,  0.57,  0.62,  0.62,  0.86
   3 ,        random_SVM_25 ,    0.62   , 0.29 (               |- *------     ), 0.54,  0.57,  0.62,  0.62,  0.86
   4 ,          smac_SVM_25 ,    0.73   , 0.14 (               |     *        ), 0.62,  0.62,  0.73,  0.73,  0.76
   4 ,         smac_DTC_100 ,    0.78   , 0.22 (              -|-      *      ), 0.49,  0.59,  0.78,  0.78,  0.81
   4 ,          smac_DTC_50 ,    0.73   ,  0.1 (              -|---- *-       ), 0.49,  0.68,  0.73,  0.73,  0.78
   4 ,          smac_SVM_50 ,    0.73   , 0.05 (               | --- *        ), 0.59,  0.68,  0.73,  0.73,  0.73
   5 ,           smac_RF_25 ,    0.76   , 0.05 (               |      *       ), 0.73,  0.73,  0.76,  0.76,  0.78
   5 ,          smac_RF_100 ,    0.76   , 0.05 (               |      *       ), 0.73,  0.73,  0.76,  0.76,  0.78
   5 ,           smac_RF_50 ,    0.78   , 0.05 (               |       *      ), 0.70,  0.73,  0.78,  0.78,  0.78
   5 ,         smac_SVM_100 ,    0.78   , 0.02 (               |     - *      ), 0.70,  0.76,  0.78,  0.78,  0.78
   5 ,            de_SVM_25 ,    0.83   , 0.08 (               |--------*-    ), 0.55,  0.81,  0.83,  0.83,  0.89
   6 ,          grid_SVM_50 ,    0.83   , 0.01 (               |        *     ), 0.83,  0.83,  0.83,  0.83,  0.84
   7 ,         grid_SVM_100 ,    0.87   , 0.02 (               |          *   ), 0.85,  0.86,  0.87,  0.87,  0.88
   8 ,           de_DTC_100 ,    0.99   , 0.02 (               |             *), 0.98,  0.98,  0.99,  0.99,  1.00
   8 ,           de_KNN_100 ,    0.99   , 0.02 (               |             *), 0.98,  0.98,  0.99,  0.99,  1.00
   8 ,        random_DTC_25 ,    0.99   ,  0.0 (               |             *), 0.98,  0.99,  0.99,  0.99,  0.99
   8 ,         grid_KNN_100 ,    0.99   , 0.01 (               |             *), 0.98,  0.99,  0.99,  0.99,  1.00
   8 ,        random_DTC_50 ,    0.99   ,  0.0 (               |             *), 0.98,  0.99,  0.99,  0.99,  0.99
   8 ,       random_DTC_100 ,    0.99   ,  0.0 (               |             *), 0.98,  0.99,  0.99,  0.99,  0.99
   8 ,            de_DTC_50 ,    0.99   , 0.02 (               |             *), 0.98,  0.98,  0.99,  0.99,  1.00
   8 ,           grid_RF_50 ,    0.99   ,  0.0 (               |             *), 0.97,  0.99,  0.99,  0.99,  0.99
   8 ,            de_KNN_50 ,    0.99   , 0.01 (               |             *), 0.98,  0.99,  0.99,  0.99,  1.00
   8 ,         grid_DTC_100 ,    0.99   , 0.01 (               |             *), 0.98,  0.99,  0.99,  0.99,  1.00
   8 ,        random_KNN_50 ,    1.0   , 0.01 (               |             *), 0.99,  0.99,  1.00,  1.00,  1.00
   8 ,        random_KNN_25 ,    1.0   , 0.01 (               |             *), 0.99,  0.99,  1.00,  1.00,  1.00
   8 ,       random_KNN_100 ,    1.0   , 0.01 (               |             *), 0.99,  0.99,  1.00,  1.00,  1.00
   8 ,          grid_KNN_25 ,    1.0   , 0.01 (               |             *), 0.99,  0.99,  1.00,  1.00,  1.00
   8 ,            de_KNN_25 ,    1.0   , 0.01 (               |            -*), 0.96,  0.99,  1.00,  1.00,  1.00
   8 ,             de_RF_25 ,    1.0   , 0.01 (               |             *), 0.99,  0.99,  1.00,  1.00,  1.00
   8 ,        random_RF_100 ,    1.0   , 0.01 (               |             *), 0.99,  0.99,  1.00,  1.00,  1.00
   8 ,            de_DTC_25 ,    1.0   , 0.01 (               |             *), 0.99,  0.99,  1.00,  1.00,  1.00
   8 ,         random_RF_50 ,    1.0   , 0.01 (               |             *), 0.99,  0.99,  1.00,  1.00,  1.00
   8 ,         random_RF_25 ,    1.0   , 0.01 (               |             *), 0.99,  0.99,  1.00,  1.00,  1.00
   8 ,            de_RF_100 ,    1.0   , 0.01 (               |             *), 0.99,  0.99,  1.00,  1.00,  1.00
   8 ,          grid_RF_100 ,    1.0   ,  0.0 (               |             *), 1.00,  1.00,  1.00,  1.00,  1.00
   8 ,          grid_DTC_50 ,    1.0   ,  0.0 (               |             *), 1.00,  1.00,  1.00,  1.00,  1.00
   8 ,          grid_KNN_50 ,    1.0   ,  0.0 (               |             *), 0.99,  1.00,  1.00,  1.00,  1.00
   8 ,             de_RF_50 ,    1.0   ,  0.0 (               |             *), 0.99,  1.00,  1.00,  1.00,  1.00
   8 ,          grid_DTC_25 ,    1.0   ,  0.0 (               |             *), 1.00,  1.00,  1.00,  1.00,  1.00
   8 ,           grid_RF_25 ,    1.0   ,  0.0 (               |             *), 0.99,  1.00,  1.00,  1.00,  1.00
