
rank ,                 name ,    med   ,  iqr 
----------------------------------------------------
   1 ,          grid_SVM_50 ,    0.0   ,  0.0 (*              |              ), 0.00,  0.00,  0.00,  0.00,  0.00
   2 ,         grid_SVM_100 ,    0.08   , 0.08 (   *           |              ), 0.00,  0.00,  0.08,  0.08,  0.08
   3 ,        random_SVM_50 ,    0.38   , 0.47 (-----         *|-------       ), 0.00,  0.13,  0.38,  0.38,  0.60
   3 ,       random_SVM_100 ,    0.38   , 0.47 (-----         *|-------       ), 0.00,  0.13,  0.38,  0.38,  0.60
   3 ,        random_SVM_25 ,    0.38   , 0.47 (-----         *|-------       ), 0.00,  0.13,  0.38,  0.38,  0.60
   3 ,            de_SVM_25 ,    0.27   , 0.09 (          *--  |              ), 0.27,  0.27,  0.27,  0.27,  0.36
   4 ,           de_SVM_100 ,    0.47   , 0.27 (        ----   |  *----       ), 0.22,  0.33,  0.47,  0.47,  0.60
   4 ,        random_DTC_25 ,    0.48   , 0.06 (               |  *-          ), 0.44,  0.46,  0.48,  0.48,  0.52
   4 ,        random_DTC_50 ,    0.48   , 0.06 (               |  *-          ), 0.44,  0.46,  0.48,  0.48,  0.52
   4 ,       random_DTC_100 ,    0.48   , 0.06 (               |  *-          ), 0.44,  0.46,  0.48,  0.48,  0.52
   4 ,         grid_DTC_100 ,    0.49   , 0.04 (               |   *          ), 0.45,  0.46,  0.49,  0.49,  0.50
   4 ,            de_SVM_50 ,    0.6   , 0.32 (          ---  |       *-     ), 0.27,  0.35,  0.60,  0.60,  0.67
   4 ,          grid_DTC_25 ,    0.48   , 0.01 (               |  *           ), 0.47,  0.47,  0.48,  0.48,  0.48
   4 ,           de_DTC_100 ,    0.49   , 0.05 (               | -*-          ), 0.46,  0.47,  0.49,  0.49,  0.52
   4 ,            de_DTC_25 ,    0.5   , 0.04 (               |   *          ), 0.47,  0.47,  0.50,  0.50,  0.51
   4 ,          grid_SVM_25 ,    0.5   ,  0.0 (               |   *          ), 0.50,  0.50,  0.50,  0.50,  0.50
   4 ,            de_DTC_50 ,    0.51   , 0.09 (               | --*--        ), 0.44,  0.49,  0.51,  0.51,  0.58
   4 ,          grid_DTC_50 ,    0.51   , 0.07 (               |  -*-         ), 0.47,  0.49,  0.51,  0.51,  0.56
   5 ,             de_RF_25 ,    0.54   , 0.02 (               |   -*         ), 0.51,  0.52,  0.54,  0.54,  0.54
   5 ,          grid_RF_100 ,    0.53   , 0.01 (               |    *         ), 0.52,  0.53,  0.53,  0.53,  0.54
   5 ,           grid_RF_50 ,    0.53   , 0.01 (               |    *         ), 0.53,  0.53,  0.53,  0.53,  0.54
   5 ,           grid_RF_25 ,    0.54   , 0.02 (               |    *         ), 0.52,  0.52,  0.54,  0.54,  0.54
   5 ,             de_RF_50 ,    0.54   , 0.01 (               |    *         ), 0.52,  0.53,  0.54,  0.54,  0.54
   5 ,            de_RF_100 ,    0.54   , 0.01 (               |    *         ), 0.53,  0.53,  0.54,  0.54,  0.54
   5 ,        random_RF_100 ,    0.55   , 0.01 (               |     *        ), 0.53,  0.54,  0.55,  0.55,  0.55
   5 ,         random_RF_50 ,    0.55   , 0.01 (               |     *        ), 0.53,  0.54,  0.55,  0.55,  0.55
   5 ,         random_RF_25 ,    0.55   , 0.01 (               |     *        ), 0.53,  0.54,  0.55,  0.55,  0.55
   6 ,         grid_KNN_100 ,    0.57   , 0.03 (               |      *       ), 0.53,  0.54,  0.57,  0.57,  0.57
   6 ,          grid_KNN_50 ,    0.56   , 0.01 (               |    -*        ), 0.54,  0.56,  0.56,  0.56,  0.57
   6 ,            de_KNN_25 ,    0.56   ,  0.0 (               |     *        ), 0.55,  0.56,  0.56,  0.56,  0.56
   6 ,          grid_KNN_25 ,    0.57   , 0.02 (               |    - *       ), 0.52,  0.56,  0.57,  0.57,  0.58
   6 ,           de_KNN_100 ,    0.57   , 0.02 (               |    - *       ), 0.54,  0.56,  0.57,  0.57,  0.58
   6 ,        random_KNN_50 ,    0.57   , 0.01 (               |    --*       ), 0.53,  0.57,  0.57,  0.57,  0.58
   6 ,        random_KNN_25 ,    0.57   , 0.01 (               |    --*       ), 0.53,  0.57,  0.57,  0.57,  0.58
   6 ,       random_KNN_100 ,    0.57   , 0.01 (               |    --*       ), 0.53,  0.57,  0.57,  0.57,  0.58
   7 ,            de_KNN_50 ,    0.58   , 0.01 (               |      *       ), 0.57,  0.58,  0.58,  0.58,  0.59
   8 ,          smac_DTC_50 ,    0.71   , 0.05 (               |         - *  ), 0.67,  0.68,  0.71,  0.71,  0.73
   8 ,          smac_DTC_25 ,    0.72   , 0.07 (               |         - *  ), 0.67,  0.68,  0.72,  0.72,  0.75
   8 ,          smac_KNN_50 ,    0.71   , 0.02 (               |         - *  ), 0.67,  0.69,  0.71,  0.71,  0.71
   8 ,         smac_DTC_100 ,    0.71   , 0.02 (               |           *  ), 0.69,  0.69,  0.71,  0.71,  0.71
   8 ,          smac_SVM_50 ,    0.71   , 0.03 (               |           *  ), 0.69,  0.69,  0.71,  0.71,  0.72
   8 ,          smac_KNN_25 ,    0.71   , 0.02 (               |           *  ), 0.68,  0.69,  0.71,  0.71,  0.71
   8 ,          smac_SVM_25 ,    0.71   , 0.01 (               |           *  ), 0.71,  0.71,  0.71,  0.71,  0.72
   8 ,         smac_KNN_100 ,    0.71   , 0.01 (               |         --*  ), 0.67,  0.71,  0.71,  0.71,  0.72
   9 ,           smac_RF_50 ,    0.73   , 0.02 (               |           -* ), 0.72,  0.73,  0.73,  0.73,  0.75
   9 ,           smac_RF_25 ,    0.73   ,  0.0 (               |            * ), 0.73,  0.73,  0.73,  0.73,  0.73
   9 ,          smac_RF_100 ,    0.75   , 0.02 (               |           -* ), 0.72,  0.73,  0.75,  0.75,  0.75
   9 ,         smac_SVM_100 ,    0.76   , 0.02 (               |             *), 0.73,  0.75,  0.76,  0.76,  0.77
