
rank ,                 name ,    med   ,  iqr 
----------------------------------------------------
   1 ,          grid_SVM_50 ,    0.25   , 0.01 ( --*           |              ), 0.20,  0.24,  0.25,  0.25,  0.25
   1 ,            de_DTC_25 ,    0.31   , 0.19 (      *--      |              ), 0.18,  0.18,  0.31,  0.31,  0.37
   1 ,         grid_SVM_100 ,    0.25   , 0.04 (   *-          |              ), 0.24,  0.24,  0.25,  0.25,  0.28
   1 ,            de_KNN_25 ,    0.26   , 0.03 (  - *          |              ), 0.23,  0.24,  0.26,  0.26,  0.27
   1 ,          grid_SVM_25 ,    0.28   , 0.04 (     *         |              ), 0.24,  0.24,  0.28,  0.28,  0.28
   1 ,           de_SVM_100 ,    0.28   , 0.05 (     *         |              ), 0.24,  0.24,  0.28,  0.28,  0.29
   1 ,          grid_DTC_25 ,    0.26   , 0.02 (    *          |              ), 0.26,  0.26,  0.26,  0.26,  0.28
   1 ,         grid_DTC_100 ,    0.26   , 0.01 (    *          |              ), 0.26,  0.26,  0.26,  0.26,  0.27
   1 ,        random_SVM_50 ,    0.28   , 0.03 (     *         |              ), 0.24,  0.25,  0.28,  0.28,  0.28
   1 ,       random_SVM_100 ,    0.28   , 0.03 (     *         |              ), 0.24,  0.25,  0.28,  0.28,  0.28
   1 ,        random_SVM_25 ,    0.28   , 0.03 (     *         |              ), 0.24,  0.25,  0.28,  0.28,  0.28
   1 ,          grid_DTC_50 ,    0.27   , 0.01 (    *          |              ), 0.26,  0.26,  0.27,  0.27,  0.27
   1 ,        random_KNN_50 ,    0.28   , 0.02 (   - *         |              ), 0.25,  0.26,  0.28,  0.28,  0.28
   1 ,        random_KNN_25 ,    0.28   , 0.02 (   - *         |              ), 0.25,  0.26,  0.28,  0.28,  0.28
   1 ,       random_KNN_100 ,    0.28   , 0.02 (   - *         |              ), 0.25,  0.26,  0.28,  0.28,  0.28
   1 ,            de_SVM_25 ,    0.28   , 0.05 (   - *         |              ), 0.25,  0.26,  0.28,  0.28,  0.31
   1 ,            de_KNN_50 ,    0.27   , 0.01 (   -*          |              ), 0.25,  0.27,  0.27,  0.27,  0.28
   1 ,          grid_KNN_50 ,    0.29   , 0.02 (     *         |              ), 0.26,  0.27,  0.29,  0.29,  0.29
   1 ,            de_SVM_50 ,    0.28   , 0.04 (  ---*-        |              ), 0.23,  0.28,  0.28,  0.28,  0.32
   1 ,           de_KNN_100 ,    0.29   , 0.03 (     *         |              ), 0.27,  0.27,  0.29,  0.29,  0.30
   1 ,         grid_KNN_100 ,    0.3   , 0.03 (   -  *        |              ), 0.25,  0.27,  0.30,  0.30,  0.30
   1 ,          grid_KNN_25 ,    0.29   , 0.01 (    -*         |              ), 0.26,  0.28,  0.29,  0.29,  0.29
   1 ,        random_DTC_25 ,    0.32   , 0.05 (  ---- *-      |              ), 0.22,  0.31,  0.32,  0.32,  0.36
   1 ,        random_DTC_50 ,    0.32   , 0.05 (  ---- *-      |              ), 0.22,  0.31,  0.32,  0.32,  0.36
   1 ,       random_DTC_100 ,    0.32   , 0.05 (  ---- *-      |              ), 0.22,  0.31,  0.32,  0.32,  0.36
   2 ,           grid_RF_25 ,    0.33   ,  0.0 (       *       |              ), 0.32,  0.33,  0.33,  0.33,  0.33
   2 ,           grid_RF_50 ,    0.34   ,  0.0 (       -*      |              ), 0.33,  0.34,  0.34,  0.34,  0.34
   2 ,          grid_RF_100 ,    0.34   , 0.01 (       -*      |              ), 0.32,  0.34,  0.34,  0.34,  0.35
   2 ,           de_DTC_100 ,    0.36   , 0.08 ( ------  *--   |              ), 0.20,  0.33,  0.36,  0.36,  0.41
   2 ,             de_RF_50 ,    0.35   , 0.03 (        *      |              ), 0.34,  0.34,  0.35,  0.35,  0.37
   3 ,             de_RF_25 ,    0.37   , 0.05 (       - *-    |              ), 0.33,  0.34,  0.37,  0.37,  0.39
   3 ,            de_DTC_50 ,    0.38   , 0.06 (      -   *    |              ), 0.31,  0.33,  0.38,  0.38,  0.39
   3 ,            de_RF_100 ,    0.37   , 0.03 (         *     |              ), 0.34,  0.35,  0.37,  0.37,  0.38
   3 ,        random_RF_100 ,    0.37   , 0.01 (         *     |              ), 0.37,  0.37,  0.37,  0.37,  0.38
   3 ,         random_RF_50 ,    0.37   , 0.01 (         *     |              ), 0.37,  0.37,  0.37,  0.37,  0.38
   3 ,         random_RF_25 ,    0.37   , 0.01 (         *     |              ), 0.37,  0.37,  0.37,  0.37,  0.38
   4 ,          smac_KNN_25 ,    0.62   , 0.01 (               |     -*       ), 0.60,  0.62,  0.62,  0.62,  0.63
   4 ,          smac_KNN_50 ,    0.64   , 0.02 (               |     --*      ), 0.61,  0.63,  0.64,  0.64,  0.65
   4 ,         smac_KNN_100 ,    0.64   , 0.01 (               |      -*      ), 0.63,  0.64,  0.64,  0.64,  0.65
   4 ,          smac_SVM_25 ,    0.69   , 0.03 (               |  ------  *   ), 0.53,  0.66,  0.69,  0.69,  0.69
   4 ,          smac_SVM_50 ,    0.74   , 0.16 (               |  ---       * ), 0.55,  0.61,  0.74,  0.74,  0.77
   5 ,           smac_RF_50 ,    0.71   , 0.04 (               |           *  ), 0.68,  0.68,  0.71,  0.71,  0.72
   5 ,          smac_DTC_25 ,    0.7   , 0.02 (               |         -*   ), 0.68,  0.70,  0.70,  0.70,  0.72
   5 ,          smac_RF_100 ,    0.71   , 0.02 (               |           *  ), 0.70,  0.70,  0.71,  0.71,  0.72
   5 ,          smac_DTC_50 ,    0.72   , 0.02 (               |           *  ), 0.69,  0.70,  0.72,  0.72,  0.72
   5 ,           smac_RF_25 ,    0.72   , 0.01 (               |        ---*  ), 0.66,  0.71,  0.72,  0.72,  0.72
   5 ,         smac_DTC_100 ,    0.74   , 0.01 (               |          --* ), 0.70,  0.74,  0.74,  0.74,  0.75
