
rank ,                 name ,    med   ,  iqr 
----------------------------------------------------
   1 ,            de_SVM_25 ,    0.0   , 0.26 (*---------     |              ), 0.00,  0.00,  0.00,  0.00,  0.26
   1 ,         grid_SVM_100 ,    0.0   ,  0.0 (*              |              ), 0.00,  0.00,  0.00,  0.00,  0.00
   1 ,          grid_SVM_50 ,    0.0   ,  0.0 (*              |              ), 0.00,  0.00,  0.00,  0.00,  0.00
   1 ,        random_SVM_50 ,    0.11   , 0.04 (--  *          |              ), 0.00,  0.07,  0.11,  0.11,  0.11
   1 ,       random_SVM_100 ,    0.11   , 0.04 (--  *          |              ), 0.00,  0.07,  0.11,  0.11,  0.11
   1 ,        random_SVM_25 ,    0.11   , 0.04 (--  *          |              ), 0.00,  0.07,  0.11,  0.11,  0.11
   2 ,           de_SVM_100 ,    0.13   , 0.25 (     *------   |              ), 0.07,  0.07,  0.13,  0.13,  0.32
   2 ,            de_SVM_50 ,    0.13   , 0.18 (  -- *-----    |              ), 0.07,  0.11,  0.13,  0.13,  0.29
   2 ,          grid_SVM_25 ,    0.2   ,  0.0 (       *       |              ), 0.20,  0.20,  0.20,  0.20,  0.20
   3 ,          smac_KNN_50 ,    0.48   , 0.01 (               | -*           ), 0.46,  0.47,  0.48,  0.48,  0.48
   3 ,          smac_KNN_25 ,    0.48   , 0.03 (               | -*           ), 0.46,  0.48,  0.48,  0.48,  0.51
   3 ,         smac_KNN_100 ,    0.49   , 0.02 (               | --*          ), 0.44,  0.49,  0.49,  0.49,  0.51
   3 ,          smac_DTC_50 ,    0.52   , 0.08 (               | -  *         ), 0.46,  0.48,  0.52,  0.52,  0.56
   3 ,          smac_SVM_50 ,    0.53   , 0.08 (               | -- *-        ), 0.46,  0.49,  0.53,  0.53,  0.57
   4 ,          smac_SVM_25 ,    0.53   , 0.02 (               |  --*         ), 0.47,  0.52,  0.53,  0.53,  0.54
   4 ,         smac_SVM_100 ,    0.56   , 0.15 (               |     *---     ), 0.49,  0.51,  0.56,  0.56,  0.66
   4 ,          smac_DTC_25 ,    0.56   , 0.12 (               |   - *--      ), 0.49,  0.53,  0.56,  0.56,  0.65
   4 ,         smac_DTC_100 ,    0.56   , 0.07 (               |   --*-       ), 0.49,  0.54,  0.56,  0.56,  0.61
   5 ,           smac_RF_25 ,    0.61   , 0.06 (               |       *      ), 0.59,  0.59,  0.61,  0.61,  0.65
   5 ,            de_DTC_25 ,    0.62   , 0.04 (               |        *     ), 0.60,  0.61,  0.62,  0.62,  0.65
   6 ,           de_DTC_100 ,    0.65   , 0.09 (               |       - *-   ), 0.62,  0.63,  0.65,  0.65,  0.72
   6 ,            de_KNN_50 ,    0.64   , 0.02 (               |        *     ), 0.64,  0.64,  0.64,  0.64,  0.66
   6 ,        random_KNN_50 ,    0.65   , 0.01 (               |       - *    ), 0.62,  0.64,  0.65,  0.65,  0.65
   6 ,        random_KNN_25 ,    0.65   , 0.01 (               |       - *    ), 0.62,  0.64,  0.65,  0.65,  0.65
   6 ,       random_KNN_100 ,    0.65   , 0.01 (               |       - *    ), 0.62,  0.64,  0.65,  0.65,  0.65
   6 ,          grid_DTC_25 ,    0.65   , 0.04 (               |       - *    ), 0.61,  0.64,  0.65,  0.65,  0.68
   6 ,           de_KNN_100 ,    0.65   , 0.01 (               |        *     ), 0.64,  0.65,  0.65,  0.65,  0.66
   6 ,        random_DTC_25 ,    0.65   , 0.03 (               |         *    ), 0.63,  0.65,  0.65,  0.65,  0.68
   6 ,        random_DTC_50 ,    0.65   , 0.03 (               |         *    ), 0.63,  0.65,  0.65,  0.65,  0.68
   6 ,       random_DTC_100 ,    0.65   , 0.03 (               |         *    ), 0.63,  0.65,  0.65,  0.65,  0.68
   6 ,          grid_KNN_25 ,    0.65   ,  0.0 (               |        -*    ), 0.63,  0.65,  0.65,  0.65,  0.65
   6 ,            de_KNN_25 ,    0.65   , 0.01 (               |        -*    ), 0.64,  0.65,  0.65,  0.65,  0.66
   6 ,          grid_KNN_50 ,    0.65   , 0.01 (               |        -*    ), 0.63,  0.65,  0.65,  0.65,  0.66
   6 ,         grid_DTC_100 ,    0.66   , 0.01 (               |       --*    ), 0.60,  0.65,  0.66,  0.66,  0.66
   7 ,           smac_RF_50 ,    0.68   , 0.05 (               |       -  *   ), 0.61,  0.65,  0.68,  0.68,  0.70
   7 ,          grid_DTC_50 ,    0.67   , 0.08 (               |         *--  ), 0.65,  0.66,  0.67,  0.67,  0.74
   7 ,         grid_KNN_100 ,    0.68   , 0.02 (               |        - *   ), 0.63,  0.66,  0.68,  0.68,  0.68
   7 ,            de_DTC_50 ,    0.68   , 0.01 (               |        - *   ), 0.63,  0.67,  0.68,  0.68,  0.68
   7 ,          smac_RF_100 ,    0.68   , 0.01 (               |          *   ), 0.66,  0.67,  0.68,  0.68,  0.68
   7 ,           grid_RF_25 ,    0.69   , 0.03 (               |         -*   ), 0.67,  0.68,  0.69,  0.69,  0.71
   8 ,             de_RF_25 ,    0.72   , 0.04 (               |           *  ), 0.70,  0.70,  0.72,  0.72,  0.74
   8 ,          grid_RF_100 ,    0.71   , 0.03 (               |          -*  ), 0.69,  0.71,  0.71,  0.71,  0.74
   8 ,            de_RF_100 ,    0.73   , 0.04 (               |            * ), 0.70,  0.71,  0.73,  0.73,  0.75
   8 ,           grid_RF_50 ,    0.73   , 0.01 (               |            * ), 0.71,  0.72,  0.73,  0.73,  0.73
   9 ,             de_RF_50 ,    0.75   , 0.03 (               |           -* ), 0.71,  0.75,  0.75,  0.75,  0.78
   9 ,        random_RF_100 ,    0.77   , 0.02 (               |            -*), 0.73,  0.76,  0.77,  0.77,  0.78
   9 ,         random_RF_50 ,    0.77   , 0.02 (               |            -*), 0.73,  0.76,  0.77,  0.77,  0.78
   9 ,         random_RF_25 ,    0.77   , 0.02 (               |            -*), 0.73,  0.76,  0.77,  0.77,  0.78
