
rank ,                 name ,    med   ,  iqr 
----------------------------------------------------
   1 ,          grid_SVM_25 ,    0.0   ,  0.0 (*              |              ), 0.00,  0.00,  0.00,  0.00,  0.00
   1 ,          grid_SVM_50 ,    0.0   ,  0.0 (*              |              ), 0.00,  0.00,  0.00,  0.00,  0.00
   2 ,            de_SVM_25 ,    0.02   , 0.01 (*              |              ), 0.00,  0.02,  0.02,  0.02,  0.03
   2 ,            de_SVM_50 ,    0.04   , 0.04 ( *             |              ), 0.00,  0.01,  0.04,  0.04,  0.05
   2 ,           de_SVM_100 ,    0.03   , 0.04 ( *             |              ), 0.01,  0.02,  0.03,  0.03,  0.06
   3 ,         grid_SVM_100 ,    0.04   ,  0.0 (-*             |              ), 0.00,  0.04,  0.04,  0.04,  0.04
   3 ,        random_SVM_50 ,    0.05   , 0.07 (- *-           |              ), 0.01,  0.04,  0.05,  0.05,  0.11
   3 ,       random_SVM_100 ,    0.05   , 0.07 (- *-           |              ), 0.01,  0.04,  0.05,  0.05,  0.11
   3 ,        random_SVM_25 ,    0.05   , 0.07 (- *-           |              ), 0.01,  0.04,  0.05,  0.05,  0.11
   4 ,          smac_KNN_50 ,    0.49   , 0.02 (               |    *         ), 0.48,  0.48,  0.49,  0.49,  0.50
   4 ,          smac_KNN_25 ,    0.49   , 0.02 (               |    *         ), 0.46,  0.48,  0.49,  0.49,  0.50
   4 ,         smac_KNN_100 ,    0.49   ,  0.0 (               |   -*         ), 0.46,  0.49,  0.49,  0.49,  0.49
   5 ,          grid_DTC_25 ,    0.52   , 0.04 (               |   - *        ), 0.46,  0.49,  0.52,  0.52,  0.53
   5 ,            de_DTC_50 ,    0.52   , 0.05 (               |   - *        ), 0.48,  0.49,  0.52,  0.52,  0.54
   5 ,        random_DTC_25 ,    0.52   ,  0.1 (               |    -*---     ), 0.48,  0.51,  0.52,  0.52,  0.61
   5 ,        random_DTC_50 ,    0.52   ,  0.1 (               |    -*---     ), 0.48,  0.51,  0.52,  0.52,  0.61
   5 ,       random_DTC_100 ,    0.52   ,  0.1 (               |    -*---     ), 0.48,  0.51,  0.52,  0.52,  0.61
   5 ,          grid_DTC_50 ,    0.53   , 0.02 (               |      *       ), 0.51,  0.52,  0.53,  0.53,  0.54
   5 ,            de_KNN_25 ,    0.53   , 0.02 (               |     *        ), 0.51,  0.52,  0.53,  0.53,  0.54
   5 ,           de_DTC_100 ,    0.56   , 0.06 (               |       *      ), 0.49,  0.50,  0.56,  0.56,  0.56
   5 ,         grid_DTC_100 ,    0.58   , 0.13 (               |        *     ), 0.48,  0.48,  0.58,  0.58,  0.61
   5 ,        random_KNN_50 ,    0.53   ,  0.0 (               |      *       ), 0.53,  0.53,  0.53,  0.53,  0.53
   5 ,        random_KNN_25 ,    0.53   ,  0.0 (               |      *       ), 0.53,  0.53,  0.53,  0.53,  0.53
   5 ,       random_KNN_100 ,    0.53   ,  0.0 (               |      *       ), 0.53,  0.53,  0.53,  0.53,  0.53
   5 ,         grid_KNN_100 ,    0.53   , 0.01 (               |     -*       ), 0.53,  0.53,  0.53,  0.53,  0.54
   6 ,           de_KNN_100 ,    0.55   , 0.02 (               |     -*       ), 0.51,  0.54,  0.55,  0.55,  0.56
   6 ,            de_DTC_25 ,    0.59   ,  0.1 (               |    -   *     ), 0.49,  0.51,  0.59,  0.59,  0.61
   6 ,          grid_KNN_25 ,    0.55   , 0.01 (               |     -*       ), 0.52,  0.55,  0.55,  0.55,  0.56
   6 ,          grid_KNN_50 ,    0.55   , 0.02 (               |     -*       ), 0.52,  0.55,  0.55,  0.55,  0.57
   6 ,            de_KNN_50 ,    0.56   , 0.02 (               |       *      ), 0.54,  0.55,  0.56,  0.56,  0.57
   7 ,           smac_RF_50 ,    0.63   , 0.09 (               |          *   ), 0.54,  0.54,  0.63,  0.63,  0.63
   7 ,           grid_RF_25 ,    0.59   , 0.01 (               |       -*     ), 0.58,  0.59,  0.59,  0.59,  0.60
   7 ,        random_RF_100 ,    0.6   , 0.03 (               |         *    ), 0.58,  0.58,  0.60,  0.60,  0.61
   7 ,          grid_RF_100 ,    0.59   , 0.01 (               |        *     ), 0.59,  0.59,  0.59,  0.59,  0.60
   7 ,         random_RF_50 ,    0.6   , 0.03 (               |         *    ), 0.58,  0.58,  0.60,  0.60,  0.61
   7 ,             de_RF_50 ,    0.59   , 0.01 (               |       -*     ), 0.57,  0.59,  0.59,  0.59,  0.60
   7 ,         random_RF_25 ,    0.6   , 0.03 (               |         *    ), 0.58,  0.58,  0.60,  0.60,  0.61
   7 ,            de_RF_100 ,    0.59   ,  0.0 (               |        *     ), 0.59,  0.59,  0.59,  0.59,  0.59
   7 ,             de_RF_25 ,    0.6   , 0.02 (               |       - *    ), 0.58,  0.59,  0.60,  0.60,  0.61
   7 ,           grid_RF_50 ,    0.6   , 0.01 (               |        *     ), 0.59,  0.59,  0.60,  0.60,  0.60
   7 ,          smac_RF_100 ,    0.6   , 0.04 (               |        *-    ), 0.59,  0.60,  0.60,  0.60,  0.64
   7 ,          smac_SVM_50 ,    0.61   , 0.02 (               |       - *    ), 0.58,  0.60,  0.61,  0.61,  0.62
   8 ,           smac_RF_25 ,    0.63   ,  0.1 (               |      --- *-- ), 0.54,  0.62,  0.63,  0.63,  0.72
   8 ,          smac_SVM_25 ,    0.63   , 0.06 (               |         -*-  ), 0.61,  0.63,  0.63,  0.63,  0.69
   8 ,          smac_DTC_25 ,    0.68   ,  0.1 (               |            * ), 0.59,  0.60,  0.68,  0.68,  0.70
   8 ,          smac_DTC_50 ,    0.68   , 0.06 (               |            * ), 0.61,  0.62,  0.68,  0.68,  0.68
   9 ,         smac_DTC_100 ,    0.7   , 0.01 (               |            -*), 0.69,  0.70,  0.70,  0.70,  0.71
