

rank ,                 name ,    med   ,  iqr 
----------------------------------------------------
   1 ,          grid_KNN_50 ,    0.2   , 0.01 (  *            |              ), 0.20,  0.20,  0.20,  0.20,  0.21
   1 ,        random_KNN_50 ,    0.21   , 0.01 (  *            |              ), 0.19,  0.20,  0.21,  0.21,  0.21
   1 ,         grid_KNN_100 ,    0.21   , 0.01 (  *            |              ), 0.20,  0.20,  0.21,  0.21,  0.21
   1 ,        random_KNN_25 ,    0.21   , 0.01 (  *            |              ), 0.19,  0.20,  0.21,  0.21,  0.21
   1 ,       random_KNN_100 ,    0.21   , 0.01 (  *            |              ), 0.19,  0.20,  0.21,  0.21,  0.21
   1 ,           de_KNN_100 ,    0.21   ,  0.0 ( -*            |              ), 0.19,  0.21,  0.21,  0.21,  0.21
   1 ,            de_KNN_25 ,    0.21   ,  0.0 ( -*            |              ), 0.20,  0.21,  0.21,  0.21,  0.21
   1 ,            de_KNN_50 ,    0.21   ,  0.0 ( -*            |              ), 0.20,  0.21,  0.21,  0.21,  0.21
   1 ,          grid_KNN_25 ,    0.21   ,  0.0 (  *            |              ), 0.21,  0.21,  0.21,  0.21,  0.21
   2 ,          grid_SVM_25 ,    0.23   , 0.05 ( --*           |              ), 0.19,  0.23,  0.23,  0.23,  0.28
   2 ,         grid_SVM_100 ,    0.23   , 0.53 (   *-----------|-----         ), 0.23,  0.23,  0.23,  0.23,  0.76
   2 ,          grid_RF_100 ,    0.25   ,  0.0 (   *           |              ), 0.25,  0.25,  0.25,  0.25,  0.25
   2 ,           grid_RF_25 ,    0.25   ,  0.0 (   *           |              ), 0.25,  0.25,  0.25,  0.25,  0.25
   2 ,        random_RF_100 ,    0.26   , 0.02 (   *           |              ), 0.24,  0.24,  0.26,  0.26,  0.26
   2 ,           grid_RF_50 ,    0.25   ,  0.0 (   *           |              ), 0.25,  0.25,  0.25,  0.25,  0.25
   2 ,         random_RF_50 ,    0.26   , 0.02 (   *           |              ), 0.24,  0.24,  0.26,  0.26,  0.26
   2 ,         random_RF_25 ,    0.26   , 0.02 (   *           |              ), 0.24,  0.24,  0.26,  0.26,  0.26
   2 ,            de_RF_100 ,    0.25   , 0.01 (   *           |              ), 0.25,  0.25,  0.25,  0.25,  0.26
   2 ,             de_RF_50 ,    0.25   ,  0.0 (   *           |              ), 0.25,  0.25,  0.25,  0.25,  0.25
   2 ,             de_RF_25 ,    0.25   , 0.01 (   *           |              ), 0.25,  0.25,  0.25,  0.25,  0.26
   2 ,            de_DTC_50 ,    0.25   , 0.01 (   *           |              ), 0.24,  0.25,  0.25,  0.25,  0.26
   2 ,            de_SVM_50 ,    0.29   , 0.48 (--   *---------|---           ), 0.14,  0.23,  0.29,  0.29,  0.71
   2 ,           de_DTC_100 ,    0.26   , 0.02 (    *          |              ), 0.25,  0.26,  0.26,  0.26,  0.28
   2 ,         grid_DTC_100 ,    0.26   ,  0.0 (    *          |              ), 0.25,  0.26,  0.26,  0.26,  0.26
   2 ,        random_DTC_25 ,    0.27   , 0.02 (   -*          |              ), 0.23,  0.26,  0.27,  0.27,  0.28
   2 ,        random_DTC_50 ,    0.27   , 0.02 (   -*          |              ), 0.23,  0.26,  0.27,  0.27,  0.28
   2 ,       random_DTC_100 ,    0.27   , 0.02 (   -*          |              ), 0.23,  0.26,  0.27,  0.27,  0.28
   2 ,            de_DTC_25 ,    0.29   , 0.04 (     *         |              ), 0.24,  0.25,  0.29,  0.29,  0.29
   2 ,          grid_DTC_50 ,    0.28   , 0.02 (   -*          |              ), 0.25,  0.28,  0.28,  0.28,  0.30
   2 ,          grid_DTC_25 ,    0.28   ,  0.0 (    *          |              ), 0.27,  0.28,  0.28,  0.28,  0.28
   3 ,        random_SVM_50 ,    0.5   ,  0.5 ( ---        *--|-----         ), 0.18,  0.26,  0.50,  0.50,  0.76
   3 ,       random_SVM_100 ,    0.5   ,  0.5 ( ---        *--|-----         ), 0.18,  0.26,  0.50,  0.50,  0.76
   3 ,        random_SVM_25 ,    0.5   ,  0.5 ( ---        *--|-----         ), 0.18,  0.26,  0.50,  0.50,  0.76
   4 ,          smac_KNN_25 ,    0.73   ,  0.1 (               |   -*--       ), 0.70,  0.72,  0.73,  0.73,  0.82
   4 ,            de_SVM_25 ,    0.75   , 0.05 (             --|---  *        ), 0.52,  0.71,  0.75,  0.75,  0.76
   4 ,         smac_KNN_100 ,    0.73   , 0.03 (               |    *         ), 0.73,  0.73,  0.73,  0.73,  0.76
   4 ,           de_SVM_100 ,    0.76   , 0.04 (             --|---- *        ), 0.52,  0.72,  0.76,  0.76,  0.76
   4 ,          smac_KNN_50 ,    0.75   , 0.01 (               |    -*        ), 0.73,  0.75,  0.75,  0.75,  0.76
   4 ,          grid_SVM_50 ,    0.75   , 0.25 (            ---|-----*------- ), 0.50,  0.75,  0.75,  0.75,  1.00
   4 ,          smac_SVM_25 ,    0.78   , 0.05 (               |    - *       ), 0.73,  0.75,  0.78,  0.78,  0.80
   4 ,          smac_SVM_50 ,    0.78   , 0.03 (               |   -- *       ), 0.70,  0.75,  0.78,  0.78,  0.78
   5 ,          smac_DTC_50 ,    0.8   , 0.04 (               |       *      ), 0.75,  0.76,  0.80,  0.80,  0.80
   5 ,          smac_DTC_25 ,    0.79   , 0.01 (               |     -*       ), 0.76,  0.79,  0.79,  0.79,  0.80
   5 ,         smac_DTC_100 ,    0.8   , 0.03 (               |     - *      ), 0.76,  0.79,  0.80,  0.80,  0.82
   5 ,          smac_RF_100 ,    0.8   , 0.01 (               |       *      ), 0.79,  0.79,  0.80,  0.80,  0.80
   5 ,           smac_RF_50 ,    0.8   ,  0.0 (               |      -*      ), 0.79,  0.80,  0.80,  0.80,  0.80
   5 ,           smac_RF_25 ,    0.8   ,  0.0 (               |      -*      ), 0.79,  0.80,  0.80,  0.80,  0.80
   5 ,         smac_SVM_100 ,    0.82   , 0.07 (               |       *-     ), 0.80,  0.80,  0.82,  0.82,  0.87
