
rank ,                 name ,    med   ,  iqr 
----------------------------------------------------
   1 ,        random_RF_100 ,    0.0   ,  0.0 (*              |              ), 0.00,  0.00,  0.00,  0.00,  0.00
   1 ,          grid_RF_100 ,    0.0   ,  0.0 (*              |              ), 0.00,  0.00,  0.00,  0.00,  0.00
   1 ,          grid_SVM_25 ,    0.0   ,  0.0 (*              |              ), 0.00,  0.00,  0.00,  0.00,  0.00
   1 ,          grid_DTC_50 ,    0.0   ,  0.0 (*              |              ), 0.00,  0.00,  0.00,  0.00,  0.00
   1 ,           grid_RF_50 ,    0.0   ,  0.0 (*              |              ), 0.00,  0.00,  0.00,  0.00,  0.00
   1 ,         random_RF_50 ,    0.0   ,  0.0 (*              |              ), 0.00,  0.00,  0.00,  0.00,  0.00
   1 ,          grid_DTC_25 ,    0.0   ,  0.0 (*              |              ), 0.00,  0.00,  0.00,  0.00,  0.00
   1 ,         random_RF_25 ,    0.0   ,  0.0 (*              |              ), 0.00,  0.00,  0.00,  0.00,  0.00
   1 ,           grid_RF_25 ,    0.0   ,  0.0 (*              |              ), 0.00,  0.00,  0.00,  0.00,  0.00
   2 ,         smac_KNN_100 ,    0.01   , 0.04 (*              |              ), 0.01,  0.01,  0.01,  0.01,  0.05
   2 ,          smac_KNN_50 ,    0.03   , 0.04 (*              |              ), 0.01,  0.01,  0.03,  0.03,  0.05
   2 ,        random_SVM_50 ,    0.03   , 0.02 (*              |              ), 0.02,  0.02,  0.03,  0.03,  0.04
   2 ,       random_SVM_100 ,    0.03   , 0.02 (*              |              ), 0.02,  0.02,  0.03,  0.03,  0.04
   2 ,        random_SVM_25 ,    0.03   , 0.02 (*              |              ), 0.02,  0.02,  0.03,  0.03,  0.04
   2 ,            de_SVM_50 ,    0.04   , 0.03 ( *             |              ), 0.00,  0.02,  0.04,  0.04,  0.05
   2 ,          smac_KNN_25 ,    0.05   , 0.03 ( *             |              ), 0.01,  0.02,  0.05,  0.05,  0.05
   2 ,           de_SVM_100 ,    0.05   , 0.05 ( *             |              ), 0.00,  0.02,  0.05,  0.05,  0.07
   2 ,          grid_SVM_50 ,    0.05   ,  0.0 ( *             |              ), 0.05,  0.05,  0.05,  0.05,  0.05
   2 ,            de_RF_100 ,    0.11   , 0.22 (   *--         |              ), 0.00,  0.00,  0.11,  0.11,  0.22
   2 ,            de_SVM_25 ,    0.09   , 0.04 (- *            |              ), 0.02,  0.05,  0.09,  0.09,  0.09
   3 ,          smac_SVM_50 ,    0.12   , 0.21 (-  *----       |              ), 0.01,  0.06,  0.12,  0.12,  0.27
   3 ,          smac_SVM_25 ,    0.19   , 0.22 (     *--       |              ), 0.04,  0.05,  0.19,  0.19,  0.27
   3 ,           smac_RF_50 ,    0.13   , 0.01 (   *           |              ), 0.12,  0.12,  0.12,  0.12,  0.13
   3 ,         grid_SVM_100 ,    0.13   ,  0.0 (   *           |              ), 0.13,  0.13,  0.13,  0.13,  0.13
   3 ,          smac_RF_100 ,    0.14   , 0.03 (    *          |              ), 0.11,  0.13,  0.14,  0.14,  0.16
   3 ,          smac_DTC_50 ,    0.15   ,  0.1 (   -*-         |              ), 0.12,  0.13,  0.15,  0.15,  0.23
   3 ,         smac_DTC_100 ,    0.18   , 0.05 (     *         |              ), 0.13,  0.14,  0.18,  0.18,  0.19
   3 ,           smac_RF_25 ,    0.17   , 0.03 (   - *         |              ), 0.11,  0.15,  0.17,  0.17,  0.18
   3 ,          smac_DTC_25 ,    0.18   , 0.02 (  ---*         |              ), 0.07,  0.17,  0.18,  0.18,  0.19
   3 ,           de_DTC_100 ,    0.2   , 0.23 (-----*------   |              ), 0.00,  0.19,  0.20,  0.20,  0.42
   3 ,             de_RF_25 ,    0.22   , 0.06 (----- *        |              ), 0.00,  0.17,  0.22,  0.22,  0.23
   3 ,             de_RF_50 ,    0.22   , 0.07 (   -- *-       |              ), 0.13,  0.20,  0.22,  0.22,  0.27
   3 ,        random_DTC_25 ,    0.24   , 0.62 (-----  *-------|--------      ), 0.00,  0.19,  0.24,  0.24,  0.81
   3 ,        random_DTC_50 ,    0.24   , 0.62 (-----  *-------|--------      ), 0.00,  0.19,  0.24,  0.24,  0.81
   3 ,       random_DTC_100 ,    0.24   , 0.62 (-----  *-------|--------      ), 0.00,  0.19,  0.24,  0.24,  0.81
   3 ,            de_DTC_25 ,    0.28   , 0.32 (----    *----- |              ), 0.00,  0.15,  0.28,  0.28,  0.47
   4 ,            de_KNN_25 ,    0.38   , 0.03 (          -*   |              ), 0.35,  0.38,  0.38,  0.38,  0.41
   5 ,            de_DTC_50 ,    0.6   , 0.27 (          -    |  *           ), 0.35,  0.39,  0.60,  0.60,  0.66
   5 ,         grid_DTC_100 ,    0.5   ,  0.0 (              *|              ), 0.50,  0.50,  0.50,  0.50,  0.50
   5 ,        random_KNN_50 ,    0.65   , 0.25 (    --------   |   *          ), 0.16,  0.41,  0.65,  0.65,  0.66
   5 ,        random_KNN_25 ,    0.65   , 0.25 (    --------   |   *          ), 0.16,  0.41,  0.65,  0.65,  0.66
   5 ,       random_KNN_100 ,    0.65   , 0.25 (    --------   |   *          ), 0.16,  0.41,  0.65,  0.65,  0.66
   5 ,            de_KNN_50 ,    0.55   , 0.08 (              -|*-            ), 0.48,  0.52,  0.55,  0.55,  0.60
   5 ,           de_KNN_100 ,    0.64   , 0.28 (          -----|   *---       ), 0.35,  0.50,  0.64,  0.64,  0.78
   6 ,          grid_KNN_50 ,    0.65   , 0.35 (               |   *--------- ), 0.65,  0.65,  0.65,  0.65,  1.00
   6 ,          grid_KNN_25 ,    0.86   , 0.21 (               |         *    ), 0.65,  0.65,  0.86,  0.86,  0.86
   6 ,         grid_KNN_100 ,    0.86   , 0.04 (               |   ----- *    ), 0.65,  0.82,  0.86,  0.86,  0.86
