
rank ,                 name ,    med   ,  iqr 
----------------------------------------------------
   1 ,          grid_SVM_25 ,    0.0   , 0.03 (*              |              ), 0.00,  0.00,  0.00,  0.00,  0.03
   1 ,            de_SVM_50 ,    0.03   , 0.04 (  *            |              ), 0.00,  0.00,  0.03,  0.03,  0.04
   1 ,        random_SVM_50 ,    0.04   , 0.01 (  *            |              ), 0.02,  0.03,  0.04,  0.04,  0.04
   1 ,       random_SVM_100 ,    0.04   , 0.01 (  *            |              ), 0.02,  0.03,  0.04,  0.04,  0.04
   1 ,        random_SVM_25 ,    0.04   , 0.01 (  *            |              ), 0.02,  0.03,  0.04,  0.04,  0.04
   1 ,            de_SVM_25 ,    0.05   , 0.02 (-- *           |              ), 0.00,  0.03,  0.05,  0.05,  0.05
   1 ,           de_SVM_100 ,    0.04   ,  0.0 (---*           |              ), 0.00,  0.04,  0.04,  0.04,  0.04
   1 ,          grid_SVM_50 ,    0.05   ,  0.0 (   *           |              ), 0.05,  0.05,  0.05,  0.05,  0.05
   2 ,         grid_SVM_100 ,    0.08   ,  0.0 (     *         |              ), 0.08,  0.08,  0.08,  0.08,  0.08
   3 ,          smac_KNN_50 ,    0.15   , 0.02 (          *    |              ), 0.12,  0.12,  0.15,  0.15,  0.15
   3 ,          smac_KNN_25 ,    0.2   , 0.08 (       ---    *|              ), 0.10,  0.15,  0.20,  0.20,  0.23
   3 ,         smac_KNN_100 ,    0.23   , 0.08 (               |*             ), 0.15,  0.15,  0.23,  0.23,  0.23
   4 ,          grid_DTC_50 ,    0.27   , 0.07 (      ---------|   *          ), 0.09,  0.21,  0.27,  0.27,  0.28
   4 ,          grid_DTC_25 ,    0.27   , 0.01 (             --|---*          ), 0.19,  0.27,  0.27,  0.27,  0.28
   4 ,          smac_SVM_25 ,    0.35   , 0.17 (          -----|         *--- ), 0.15,  0.23,  0.35,  0.35,  0.40
   4 ,          smac_DTC_25 ,    0.3   , 0.07 (            ---|---  *---     ), 0.17,  0.28,  0.30,  0.30,  0.35
   4 ,          smac_DTC_50 ,    0.3   , 0.02 (            ---|---  *        ), 0.17,  0.28,  0.30,  0.30,  0.30
   5 ,        random_DTC_25 ,    0.32   , 0.04 (               | ---   *      ), 0.24,  0.28,  0.32,  0.32,  0.32
   5 ,        random_DTC_50 ,    0.32   , 0.04 (               | ---   *      ), 0.24,  0.28,  0.32,  0.32,  0.32
   5 ,       random_DTC_100 ,    0.32   , 0.04 (               | ---   *      ), 0.24,  0.28,  0.32,  0.32,  0.32
   5 ,             de_RF_50 ,    0.31   , 0.03 (               |      *       ), 0.30,  0.30,  0.31,  0.31,  0.33
   5 ,            de_RF_100 ,    0.31   , 0.06 (               |      *---    ), 0.29,  0.30,  0.31,  0.31,  0.36
   5 ,         grid_DTC_100 ,    0.33   , 0.06 (               |-----  *-     ), 0.23,  0.30,  0.33,  0.33,  0.36
   5 ,          smac_SVM_50 ,    0.33   ,  0.1 (            ---|-----  *----- ), 0.17,  0.30,  0.33,  0.33,  0.40
   5 ,            de_DTC_25 ,    0.37   , 0.12 (             --|---        *  ), 0.19,  0.26,  0.37,  0.37,  0.38
   5 ,            de_DTC_50 ,    0.33   , 0.02 (          -----|------ *      ), 0.15,  0.31,  0.33,  0.33,  0.33
   5 ,           de_DTC_100 ,    0.33   , 0.02 (               |   --- *      ), 0.27,  0.31,  0.33,  0.33,  0.33
   5 ,          grid_RF_100 ,    0.32   , 0.03 (               |      -*-     ), 0.31,  0.32,  0.32,  0.32,  0.35
   5 ,             de_RF_25 ,    0.35   , 0.05 (               |   --    *    ), 0.27,  0.30,  0.35,  0.35,  0.35
   5 ,           smac_RF_50 ,    0.33   ,  0.0 (               |     --*      ), 0.30,  0.33,  0.33,  0.33,  0.33
   5 ,         smac_DTC_100 ,    0.33   , 0.02 (               |   ----*-     ), 0.28,  0.33,  0.33,  0.33,  0.35
   5 ,           smac_RF_25 ,    0.33   ,  0.0 (               |       *      ), 0.33,  0.33,  0.33,  0.33,  0.33
   5 ,          smac_RF_100 ,    0.33   , 0.02 (               |       *-     ), 0.33,  0.33,  0.33,  0.33,  0.35
   6 ,        random_RF_100 ,    0.36   , 0.03 (               |       -- *   ), 0.33,  0.35,  0.36,  0.36,  0.38
   6 ,         random_RF_50 ,    0.36   , 0.03 (               |       -- *   ), 0.33,  0.35,  0.36,  0.36,  0.38
   6 ,            de_KNN_50 ,    0.36   , 0.01 (               |       --*    ), 0.33,  0.35,  0.36,  0.36,  0.36
   6 ,         random_RF_25 ,    0.36   , 0.03 (               |       -- *   ), 0.33,  0.35,  0.36,  0.36,  0.38
   6 ,           grid_RF_25 ,    0.36   , 0.01 (               |        -*    ), 0.34,  0.36,  0.36,  0.36,  0.37
   6 ,           de_KNN_100 ,    0.37   , 0.02 (               |       ---*   ), 0.33,  0.36,  0.37,  0.37,  0.38
   6 ,          grid_KNN_50 ,    0.38   , 0.03 (               |           *  ), 0.35,  0.36,  0.38,  0.38,  0.39
   6 ,           grid_RF_50 ,    0.38   , 0.01 (               |         - *  ), 0.35,  0.37,  0.38,  0.38,  0.38
   6 ,         grid_KNN_100 ,    0.4   , 0.06 (               |       --    *), 0.32,  0.35,  0.40,  0.40,  0.41
   6 ,        random_KNN_50 ,    0.4   , 0.04 (               |       ---- * ), 0.33,  0.37,  0.40,  0.40,  0.41
   6 ,        random_KNN_25 ,    0.4   , 0.04 (               |       ---- * ), 0.33,  0.37,  0.40,  0.40,  0.41
   6 ,       random_KNN_100 ,    0.4   , 0.04 (               |       ---- * ), 0.33,  0.37,  0.40,  0.40,  0.41
   6 ,          grid_KNN_25 ,    0.39   , 0.02 (               |          --* ), 0.37,  0.39,  0.39,  0.39,  0.41
   6 ,            de_KNN_25 ,    0.4   , 0.03 (               |      -----  *), 0.31,  0.38,  0.40,  0.40,  0.41
