

rank ,                 name ,    med   ,  iqr 
----------------------------------------------------
   1 ,         smac_KNN_100 ,    0.5   , 0.04 ( *-------      |              ), 0.49,  0.49,  0.50,  0.50,  0.53
   1 ,         smac_SVM_100 ,    0.54   , 0.03 (        -  *---|              ), 0.53,  0.53,  0.54,  0.54,  0.56
   1 ,           de_DTC_100 ,    0.55   , 0.02 (        ---- *-|              ), 0.53,  0.54,  0.55,  0.55,  0.56
   1 ,       random_DTC_100 ,    0.55   , 0.01 (            -*-|              ), 0.54,  0.55,  0.55,  0.55,  0.56
   1 ,          grid_RF_100 ,    0.55   ,  0.0 (              *|              ), 0.55,  0.55,  0.55,  0.55,  0.55
   2 ,         grid_DTC_100 ,    0.57   , 0.01 (            ---| *            ), 0.54,  0.56,  0.57,  0.57,  0.57
   2 ,       random_SVM_100 ,    0.57   , 0.01 (               | *            ), 0.56,  0.56,  0.57,  0.57,  0.57
   2 ,            de_RF_100 ,    0.57   , 0.01 (               |- *--         ), 0.56,  0.57,  0.57,  0.57,  0.58
   2 ,        random_RF_100 ,    0.57   , 0.01 (               |--*-          ), 0.56,  0.57,  0.57,  0.57,  0.58
   2 ,         grid_SVM_100 ,    0.57   , 0.01 (             --|-  *          ), 0.55,  0.57,  0.57,  0.57,  0.58
   2 ,           de_SVM_100 ,    0.58   , 0.01 (               |  -*          ), 0.57,  0.57,  0.58,  0.58,  0.58
   2 ,           de_KNN_100 ,    0.58   ,  0.0 (               |   *          ), 0.57,  0.58,  0.58,  0.58,  0.58
   2 ,       random_KNN_100 ,    0.58   ,  0.0 (               |    -*        ), 0.58,  0.58,  0.58,  0.58,  0.58
   2 ,         smac_DTC_100 ,    0.6   , 0.05 (             --|-        *--- ), 0.55,  0.57,  0.60,  0.60,  0.62
   2 ,         grid_KNN_100 ,    0.59   , 0.02 (               |   --  *-     ), 0.58,  0.58,  0.59,  0.59,  0.60
   2 ,          smac_RF_100 ,    0.6   , 0.01 (               |         *    ), 0.59,  0.59,  0.60,  0.60,  0.60

rank ,                 name ,    med   ,  iqr 
----------------------------------------------------
   1 ,         smac_KNN_100 ,    0.5   , 0.04 ( *-------      |              ), 0.49,  0.49,  0.50,  0.50,  0.53
   2 ,         smac_SVM_100 ,    0.54   , 0.03 (        -  *---|              ), 0.53,  0.53,  0.54,  0.54,  0.56
   2 ,           de_DTC_100 ,    0.55   , 0.02 (        ---- *-|              ), 0.53,  0.54,  0.55,  0.55,  0.56
   2 ,       random_DTC_100 ,    0.55   , 0.01 (            -*-|              ), 0.54,  0.55,  0.55,  0.55,  0.56
   2 ,          grid_RF_100 ,    0.55   ,  0.0 (              *|              ), 0.55,  0.55,  0.55,  0.55,  0.55
   3 ,         grid_DTC_100 ,    0.57   , 0.01 (            ---| *            ), 0.54,  0.56,  0.57,  0.57,  0.57
   3 ,       random_SVM_100 ,    0.57   , 0.01 (               | *            ), 0.56,  0.56,  0.57,  0.57,  0.57
   3 ,            de_RF_100 ,    0.57   , 0.01 (               |- *--         ), 0.56,  0.57,  0.57,  0.57,  0.58
   3 ,        random_RF_100 ,    0.57   , 0.01 (               |--*-          ), 0.56,  0.57,  0.57,  0.57,  0.58
   3 ,         grid_SVM_100 ,    0.57   , 0.01 (             --|-  *          ), 0.55,  0.57,  0.57,  0.57,  0.58
   3 ,           de_SVM_100 ,    0.58   , 0.01 (               |  -*          ), 0.57,  0.57,  0.58,  0.58,  0.58
   3 ,           de_KNN_100 ,    0.58   ,  0.0 (               |   *          ), 0.57,  0.58,  0.58,  0.58,  0.58
   3 ,       random_KNN_100 ,    0.58   ,  0.0 (               |    -*        ), 0.58,  0.58,  0.58,  0.58,  0.58
   3 ,         smac_DTC_100 ,    0.6   , 0.05 (             --|-        *--- ), 0.55,  0.57,  0.60,  0.60,  0.62
   3 ,         grid_KNN_100 ,    0.59   , 0.02 (               |   --  *-     ), 0.58,  0.58,  0.59,  0.59,  0.60
   3 ,          smac_RF_100 ,    0.6   , 0.01 (               |         *    ), 0.59,  0.59,  0.60,  0.60,  0.60
