
rank ,                 name ,    med   ,  iqr 
----------------------------------------------------
   1 ,         grid_SVM_100 ,    0.18   , 0.09 (      --*------|              ), 0.15,  0.18,  0.18,  0.18,  0.27
   1 ,       random_SVM_100 ,    0.24   , 0.13 (------        *|--            ), 0.08,  0.16,  0.24,  0.24,  0.29
   1 ,           de_SVM_100 ,    0.25   , 0.09 (      --      *|              ), 0.16,  0.18,  0.25,  0.25,  0.27
   2 ,       random_KNN_100 ,    0.3   ,  0.0 (               |  -*          ), 0.29,  0.30,  0.30,  0.30,  0.30
   2 ,         grid_KNN_100 ,    0.31   , 0.01 (               |  -*          ), 0.29,  0.30,  0.31,  0.31,  0.31
   2 ,           de_KNN_100 ,    0.31   , 0.01 (               |  -*          ), 0.29,  0.30,  0.31,  0.31,  0.31
   2 ,         smac_SVM_100 ,    0.34   , 0.05 (               |   -  *--     ), 0.30,  0.32,  0.34,  0.34,  0.37
   3 ,         smac_DTC_100 ,    0.36   ,  0.0 (               |        *     ), 0.36,  0.36,  0.36,  0.36,  0.36
   3 ,            de_RF_100 ,    0.37   , 0.01 (               |         *    ), 0.36,  0.36,  0.37,  0.37,  0.37
   3 ,         grid_DTC_100 ,    0.37   , 0.02 (               |         *-   ), 0.37,  0.37,  0.37,  0.37,  0.39
   3 ,          smac_RF_100 ,    0.37   , 0.01 (               |         *    ), 0.37,  0.37,  0.37,  0.37,  0.38
   3 ,        random_RF_100 ,    0.38   , 0.01 (               |          *   ), 0.37,  0.37,  0.38,  0.38,  0.38
   3 ,          grid_RF_100 ,    0.38   ,  0.0 (               |          *   ), 0.38,  0.38,  0.38,  0.38,  0.38
   4 ,           de_DTC_100 ,    0.4   , 0.03 (               |           *- ), 0.38,  0.39,  0.40,  0.40,  0.42
   4 ,       random_DTC_100 ,    0.39   , 0.02 (               |         --*- ), 0.37,  0.39,  0.39,  0.39,  0.41
   4 ,         smac_KNN_100 ,    0.4   ,  0.0 (               |          --* ), 0.38,  0.40,  0.40,  0.40,  0.40
