
rank ,                 name ,    med   ,  iqr 
----------------------------------------------------
   1 ,           de_SVM_100 ,    0.0   ,  0.0 (*              |              ), 0.00,  0.00,  0.00,  0.00,  0.00
   1 ,       random_SVM_100 ,    0.01   , 0.02 (*              |              ), 0.00,  0.00,  0.01,  0.01,  0.02
   2 ,         grid_SVM_100 ,    0.06   ,  0.0 (     *         |              ), 0.06,  0.06,  0.06,  0.06,  0.06
   3 ,         smac_KNN_100 ,    0.13   , 0.05 (       ---- *--|              ), 0.08,  0.12,  0.12,  0.12,  0.17
   4 ,         smac_DTC_100 ,    0.21   , 0.06 (               |    *         ), 0.15,  0.15,  0.21,  0.21,  0.21
   4 ,        random_RF_100 ,    0.21   , 0.07 (               |   *---       ), 0.16,  0.17,  0.21,  0.21,  0.24
   4 ,         grid_DTC_100 ,    0.19   , 0.08 (             --|- *-----      ), 0.14,  0.18,  0.19,  0.19,  0.26
   4 ,           de_DTC_100 ,    0.21   , 0.08 (            ---|-   *----     ), 0.13,  0.19,  0.21,  0.21,  0.27
   4 ,          grid_RF_100 ,    0.21   , 0.03 (               |---*-         ), 0.17,  0.20,  0.21,  0.21,  0.23
   4 ,            de_RF_100 ,    0.23   , 0.03 (               |  -   *       ), 0.19,  0.21,  0.23,  0.23,  0.24
   5 ,       random_KNN_100 ,    0.28   , 0.03 (               |    ----  *   ), 0.21,  0.25,  0.28,  0.28,  0.28
   5 ,         grid_KNN_100 ,    0.28   , 0.04 (               |      --   *  ), 0.24,  0.25,  0.28,  0.28,  0.29
   5 ,           de_KNN_100 ,    0.28   , 0.01 (               |        - *   ), 0.26,  0.27,  0.28,  0.28,  0.28
   5 ,          smac_RF_100 ,    0.28   , 0.04 (               |     -----*-- ), 0.22,  0.27,  0.28,  0.28,  0.31
   5 ,       random_DTC_100 ,    0.28   ,  0.0 (---------------|----------*   ), 0.00,  0.28,  0.28,  0.28,  0.28
