
rank ,                 name ,    med   ,  iqr 
----------------------------------------------------
   1 ,             de_RF_25 ,    0.0   , 0.02 (*-             |              ), 0.00,  0.00,  0.00,  0.00,  0.02
   1 ,         random_RF_25 ,    0.0   , 0.01 (*              |              ), 0.00,  0.00,  0.00,  0.00,  0.01
   1 ,           grid_RF_25 ,    0.0   ,  0.0 (*              |              ), 0.00,  0.00,  0.00,  0.00,  0.00
   1 ,          grid_DTC_25 ,    0.0   ,  0.0 (*              |              ), 0.00,  0.00,  0.00,  0.00,  0.00
   1 ,          grid_SVM_25 ,    0.0   ,  0.0 (*              |              ), 0.00,  0.00,  0.00,  0.00,  0.00
   1 ,            de_SVM_25 ,    0.01   , 0.01 (*              |              ), 0.00,  0.00,  0.01,  0.01,  0.01
   1 ,        random_SVM_25 ,    0.01   , 0.01 (*              |              ), 0.00,  0.00,  0.01,  0.01,  0.01
   1 ,            de_DTC_25 ,    0.01   , 0.02 ( *             |              ), 0.00,  0.00,  0.01,  0.01,  0.02
   1 ,        random_DTC_25 ,    0.02   , 0.03 (-*--           |              ), 0.00,  0.01,  0.02,  0.02,  0.04
   2 ,          grid_KNN_25 ,    0.03   , 0.01 ( - *           |              ), 0.01,  0.02,  0.03,  0.03,  0.03
   2 ,            de_KNN_25 ,    0.04   , 0.02 ( -  *          |              ), 0.02,  0.02,  0.04,  0.04,  0.04
   2 ,        random_KNN_25 ,    0.05   , 0.04 ( -   *         |              ), 0.01,  0.02,  0.05,  0.05,  0.06
   3 ,          smac_SVM_25 ,    0.08   , 0.25 (        *------|------------- ), 0.03,  0.03,  0.08,  0.08,  0.28
   3 ,          smac_KNN_25 ,    0.05   , 0.03 (   --*--       |              ), 0.04,  0.05,  0.05,  0.05,  0.08
   3 ,           smac_RF_25 ,    0.08   , 0.04 (  ---   *      |              ), 0.03,  0.05,  0.08,  0.08,  0.09
   3 ,          smac_DTC_25 ,    0.21   , 0.11 (       ------- |       *-     ), 0.07,  0.13,  0.21,  0.21,  0.24
