
rank ,                 name ,    med   ,  iqr 
----------------------------------------------------
   1 ,          smac_KNN_25 ,    0.53   , 0.02 (----------*----|              ), 0.49,  0.53,  0.53,  0.53,  0.55
   2 ,          smac_SVM_25 ,    0.55   , 0.03 (               |*--           ), 0.53,  0.53,  0.55,  0.55,  0.56
   2 ,        random_DTC_25 ,    0.55   , 0.01 (              -*--            ), 0.54,  0.55,  0.55,  0.55,  0.56
   2 ,          grid_DTC_25 ,    0.55   , 0.03 (         ------|*------       ), 0.53,  0.55,  0.55,  0.55,  0.58
   2 ,           grid_RF_25 ,    0.55   ,  0.0 (            ---| *            ), 0.54,  0.55,  0.55,  0.55,  0.55
   2 ,          smac_DTC_25 ,    0.56   , 0.03 (              -|- *------     ), 0.55,  0.55,  0.56,  0.56,  0.58
   2 ,            de_DTC_25 ,    0.56   , 0.02 (               |   *---       ), 0.56,  0.56,  0.56,  0.56,  0.58
   2 ,        random_SVM_25 ,    0.57   , 0.01 (               |    *         ), 0.56,  0.56,  0.57,  0.57,  0.57
   2 ,         random_RF_25 ,    0.57   , 0.01 (               |  ---*--      ), 0.56,  0.57,  0.57,  0.57,  0.58
   2 ,            de_SVM_25 ,    0.57   ,  0.0 (               |------*       ), 0.55,  0.57,  0.57,  0.57,  0.57
   2 ,          grid_SVM_25 ,    0.57   ,  0.0 (               |------*       ), 0.55,  0.57,  0.57,  0.57,  0.57
   2 ,             de_RF_25 ,    0.58   , 0.01 (               |        *     ), 0.57,  0.57,  0.58,  0.58,  0.58
   2 ,        random_KNN_25 ,    0.58   ,  0.0 (               |        -*    ), 0.58,  0.58,  0.58,  0.58,  0.58
   2 ,            de_KNN_25 ,    0.59   , 0.01 (               |      --- *   ), 0.57,  0.58,  0.59,  0.59,  0.59
   2 ,          grid_KNN_25 ,    0.59   , 0.02 (               |       --  *- ), 0.58,  0.58,  0.59,  0.59,  0.60
   2 ,           smac_RF_25 ,    0.6   , 0.01 (               |          -  *), 0.59,  0.59,  0.60,  0.60,  0.60
