
rank ,                 name ,    med   ,  iqr 
----------------------------------------------------
   1 ,          grid_SVM_25 ,    0.0   ,  0.0 (*              |              ), 0.00,  0.00,  0.00,  0.00,  0.00
   1 ,        random_SVM_25 ,    0.01   , 0.02 (*              |              ), 0.00,  0.00,  0.01,  0.01,  0.02
   1 ,            de_SVM_25 ,    0.02   , 0.01 (-*             |              ), 0.00,  0.02,  0.02,  0.02,  0.03
   2 ,          smac_KNN_25 ,    0.15   , 0.06 (      ----- *--|              ), 0.08,  0.14,  0.15,  0.15,  0.20
   2 ,          grid_DTC_25 ,    0.21   , 0.07 (     ------    | *            ), 0.07,  0.14,  0.21,  0.21,  0.21
   2 ,          smac_SVM_25 ,    0.18   , 0.03 (               *-             ), 0.18,  0.18,  0.18,  0.18,  0.21
   2 ,         random_RF_25 ,    0.21   , 0.07 (               |*--           ), 0.16,  0.17,  0.21,  0.21,  0.24
   3 ,          smac_DTC_25 ,    0.21   , 0.16 (               | *----------- ), 0.21,  0.21,  0.21,  0.21,  0.37
   3 ,             de_RF_25 ,    0.23   , 0.04 (              -|- *--         ), 0.18,  0.22,  0.23,  0.23,  0.26
   3 ,           grid_RF_25 ,    0.24   ,  0.0 (               |  -*          ), 0.23,  0.24,  0.24,  0.24,  0.24
   3 ,            de_DTC_25 ,    0.26   , 0.07 (          -----|--  *---      ), 0.13,  0.23,  0.26,  0.26,  0.30
   3 ,        random_KNN_25 ,    0.28   , 0.03 (               | ---  *       ), 0.21,  0.25,  0.28,  0.28,  0.28
   3 ,          grid_KNN_25 ,    0.28   , 0.04 (               |   -   *      ), 0.24,  0.25,  0.28,  0.28,  0.29
   3 ,            de_KNN_25 ,    0.28   , 0.04 (               |     -*---    ), 0.27,  0.28,  0.28,  0.28,  0.32
   3 ,        random_DTC_25 ,    0.28   ,  0.0 (---------------|------*       ), 0.00,  0.28,  0.28,  0.28,  0.28
   3 ,           smac_RF_25 ,    0.29   , 0.01 (            ---|-------*      ), 0.15,  0.29,  0.29,  0.29,  0.30
