
rank ,                 name ,    med   ,  iqr 
----------------------------------------------------
   1 ,        random_SVM_50 ,    0.01   , 0.02 (*              |              ), 0.00,  0.00,  0.01,  0.01,  0.02
   1 ,            de_SVM_50 ,    0.01   , 0.02 (*              |              ), 0.00,  0.00,  0.01,  0.01,  0.02
   2 ,          grid_SVM_50 ,    0.03   ,  0.0 (  *            |              ), 0.03,  0.03,  0.03,  0.03,  0.03
   3 ,          smac_KNN_50 ,    0.18   , 0.07 (       ------- |*---          ), 0.08,  0.15,  0.18,  0.18,  0.22
   3 ,         random_RF_50 ,    0.21   , 0.07 (               |   *--        ), 0.16,  0.17,  0.21,  0.21,  0.24
   3 ,          smac_SVM_50 ,    0.2   , 0.03 (               |  *           ), 0.17,  0.18,  0.20,  0.20,  0.21
   3 ,          grid_DTC_50 ,    0.23   , 0.05 (             --|     *        ), 0.14,  0.18,  0.23,  0.23,  0.23
   3 ,          smac_DTC_50 ,    0.21   , 0.01 (               |   *          ), 0.21,  0.21,  0.21,  0.21,  0.22
   3 ,           grid_RF_50 ,    0.22   ,  0.0 (               |   -*         ), 0.21,  0.22,  0.22,  0.22,  0.22
   4 ,            de_DTC_50 ,    0.25   , 0.05 (               |  -    *      ), 0.20,  0.21,  0.25,  0.25,  0.26
   4 ,             de_RF_50 ,    0.24   , 0.01 (               |   ---*       ), 0.21,  0.24,  0.24,  0.24,  0.25
   4 ,        random_KNN_50 ,    0.28   , 0.03 (               |   ----   *   ), 0.21,  0.25,  0.28,  0.28,  0.28
   4 ,            de_KNN_50 ,    0.27   , 0.01 (               |    ----*     ), 0.22,  0.26,  0.27,  0.27,  0.27
   4 ,          grid_KNN_50 ,    0.28   , 0.04 (               |      -   *   ), 0.24,  0.25,  0.28,  0.28,  0.29
   4 ,        random_DTC_50 ,    0.28   ,  0.0 (---------------|---------*    ), 0.00,  0.28,  0.28,  0.28,  0.28
   4 ,           smac_RF_50 ,    0.31   , 0.02 (    -----------|------------ *), 0.04,  0.30,  0.31,  0.31,  0.32
