

rank ,                 name ,    med   ,  iqr 
----------------------------------------------------
   1 ,          smac_KNN_50 ,    0.53   , 0.04 (          *    |              ), 0.49,  0.49,  0.53,  0.53,  0.53
   1 ,          grid_DTC_50 ,    0.54   ,  0.0 (         ----* |              ), 0.53,  0.54,  0.54,  0.54,  0.54
   1 ,            de_DTC_50 ,    0.54   , 0.02 (           --*-|-             ), 0.53,  0.54,  0.54,  0.54,  0.56
   1 ,          smac_SVM_50 ,    0.55   , 0.03 (          --   *----          ), 0.53,  0.54,  0.55,  0.55,  0.57
   1 ,        random_DTC_50 ,    0.55   , 0.01 (             -*|-             ), 0.54,  0.55,  0.55,  0.55,  0.56
   1 ,           grid_RF_50 ,    0.55   , 0.01 (               |*             ), 0.55,  0.55,  0.55,  0.55,  0.56
   1 ,          grid_SVM_50 ,    0.57   , 0.03 (               |    *         ), 0.54,  0.54,  0.57,  0.57,  0.57
   1 ,        random_SVM_50 ,    0.57   , 0.01 (               |    *         ), 0.56,  0.56,  0.57,  0.57,  0.57
   1 ,         random_RF_50 ,    0.57   , 0.01 (               |  ---*-       ), 0.56,  0.57,  0.57,  0.57,  0.58
   1 ,             de_RF_50 ,    0.57   , 0.01 (               |  ---*        ), 0.56,  0.57,  0.57,  0.57,  0.58
   1 ,            de_SVM_50 ,    0.57   ,  0.0 (               |-----*        ), 0.55,  0.57,  0.57,  0.57,  0.57
   1 ,          smac_DTC_50 ,    0.58   , 0.02 (               |  ---  *---   ), 0.56,  0.57,  0.58,  0.58,  0.59
   1 ,            de_KNN_50 ,    0.58   , 0.02 (               |        *-    ), 0.57,  0.57,  0.58,  0.58,  0.59
   1 ,        random_KNN_50 ,    0.58   ,  0.0 (               |       -*     ), 0.58,  0.58,  0.58,  0.58,  0.58
   1 ,          grid_KNN_50 ,    0.59   , 0.02 (               |      --   *  ), 0.58,  0.58,  0.59,  0.59,  0.60
   1 ,           smac_RF_50 ,    0.6   , 0.01 (               |            * ), 0.59,  0.59,  0.60,  0.60,  0.60
