
rank ,                 name ,    med   ,  iqr 
----------------------------------------------------
   1 ,             de_RF_50 ,    0.0   , 0.01 (*-             |              ), 0.00,  0.00,  0.00,  0.00,  0.01
   1 ,          grid_DTC_50 ,    0.0   ,  0.0 (*              |              ), 0.00,  0.00,  0.00,  0.00,  0.00
   1 ,           grid_RF_50 ,    0.0   ,  0.0 (*              |              ), 0.00,  0.00,  0.00,  0.00,  0.00
   1 ,         random_RF_50 ,    0.0   , 0.01 (*-             |              ), 0.00,  0.00,  0.00,  0.00,  0.01
   1 ,        random_SVM_50 ,    0.01   , 0.01 ( *             |              ), 0.00,  0.00,  0.01,  0.01,  0.01
   1 ,            de_SVM_50 ,    0.01   , 0.01 ( *             |              ), 0.00,  0.00,  0.01,  0.01,  0.01
   1 ,          grid_SVM_50 ,    0.01   ,  0.0 ( *             |              ), 0.01,  0.01,  0.01,  0.01,  0.01
   1 ,            de_DTC_50 ,    0.01   , 0.02 (- *-           |              ), 0.00,  0.01,  0.01,  0.01,  0.03
   1 ,        random_DTC_50 ,    0.02   , 0.03 (--*---         |              ), 0.00,  0.01,  0.02,  0.02,  0.04
   2 ,          grid_KNN_50 ,    0.03   , 0.01 ( --  *         |              ), 0.01,  0.02,  0.03,  0.03,  0.03
   2 ,            de_KNN_50 ,    0.03   , 0.03 (     *----     |              ), 0.03,  0.03,  0.03,  0.03,  0.06
   2 ,          smac_KNN_50 ,    0.04   ,  0.0 (    -*-        |              ), 0.03,  0.04,  0.04,  0.04,  0.04
   2 ,        random_KNN_50 ,    0.05   , 0.04 ( --     *      |              ), 0.01,  0.02,  0.05,  0.05,  0.06
   3 ,           smac_RF_50 ,    0.09   , 0.07 (    ---      *-|-             ), 0.03,  0.04,  0.09,  0.09,  0.11
   3 ,          smac_SVM_50 ,    0.08   , 0.04 (     ----   *--|              ), 0.04,  0.06,  0.08,  0.08,  0.10
   3 ,          smac_DTC_50 ,    0.16   , 0.13 (       --      |          *-- ), 0.04,  0.06,  0.16,  0.16,  0.19
