
rank ,                 name ,    med   ,  iqr 
----------------------------------------------------
   1 ,          grid_DTC_50 ,    0.0   ,  0.0 (*              |              ), 0.00,  0.00,  0.00,  0.00,  0.00
   1 ,           grid_RF_50 ,    0.0   ,  0.0 (*              |              ), 0.00,  0.00,  0.00,  0.00,  0.00
   1 ,         random_RF_50 ,    0.0   ,  0.0 (*              |              ), 0.00,  0.00,  0.00,  0.00,  0.00
   2 ,          smac_KNN_50 ,    0.03   , 0.04 (*              |              ), 0.01,  0.01,  0.03,  0.03,  0.05
   2 ,        random_SVM_50 ,    0.03   , 0.02 (*              |              ), 0.02,  0.02,  0.03,  0.03,  0.04
   2 ,            de_SVM_50 ,    0.04   , 0.03 ( *             |              ), 0.00,  0.02,  0.04,  0.04,  0.05
   3 ,          grid_SVM_50 ,    0.05   ,  0.0 ( *             |              ), 0.05,  0.05,  0.05,  0.05,  0.05
   4 ,          smac_SVM_50 ,    0.12   , 0.21 (-  *----       |              ), 0.01,  0.06,  0.12,  0.12,  0.27
   4 ,           smac_RF_50 ,    0.13   , 0.01 (   *           |              ), 0.12,  0.12,  0.12,  0.12,  0.13
   4 ,          smac_DTC_50 ,    0.15   ,  0.1 (   -*-         |              ), 0.12,  0.13,  0.15,  0.15,  0.23
   4 ,             de_RF_50 ,    0.22   , 0.07 (   -- *-       |              ), 0.13,  0.20,  0.22,  0.22,  0.27
   4 ,        random_DTC_50 ,    0.24   , 0.62 (-----  *-------|--------      ), 0.00,  0.19,  0.24,  0.24,  0.81
   5 ,            de_DTC_50 ,    0.6   , 0.27 (          -    |  *           ), 0.35,  0.39,  0.60,  0.60,  0.66
   5 ,        random_KNN_50 ,    0.65   , 0.25 (    --------   |   *          ), 0.16,  0.41,  0.65,  0.65,  0.66
   5 ,            de_KNN_50 ,    0.55   , 0.08 (              -|*-            ), 0.48,  0.52,  0.55,  0.55,  0.60
   6 ,          grid_KNN_50 ,    0.65   , 0.35 (               |   *--------- ), 0.65,  0.65,  0.65,  0.65,  1.00
