
rank ,                 name ,    med   ,  iqr 
----------------------------------------------------
   1 ,        random_RF_100 ,    0.0   ,  0.0 (*              |              ), 0.00,  0.00,  0.00,  0.00,  0.00
   1 ,          grid_RF_100 ,    0.0   ,  0.0 (*              |              ), 0.00,  0.00,  0.00,  0.00,  0.00
   1 ,         smac_KNN_100 ,    0.01   , 0.04 (*              |              ), 0.01,  0.01,  0.01,  0.01,  0.05
   1 ,       random_SVM_100 ,    0.03   , 0.02 ( *             |              ), 0.02,  0.02,  0.03,  0.03,  0.04
   1 ,           de_SVM_100 ,    0.05   , 0.05 ( *             |              ), 0.00,  0.02,  0.05,  0.05,  0.07
   1 ,            de_RF_100 ,    0.11   , 0.22 (   *---        |              ), 0.00,  0.00,  0.11,  0.11,  0.22
   2 ,         grid_SVM_100 ,    0.13   ,  0.0 (    *          |              ), 0.13,  0.13,  0.13,  0.13,  0.13
   2 ,          smac_RF_100 ,    0.14   , 0.03 (   - *         |              ), 0.11,  0.13,  0.14,  0.14,  0.16
   2 ,         smac_DTC_100 ,    0.18   , 0.05 (      *        |              ), 0.13,  0.14,  0.18,  0.18,  0.19
   2 ,           de_DTC_100 ,    0.2   , 0.23 (------ *------ |              ), 0.00,  0.19,  0.20,  0.20,  0.42
   2 ,       random_DTC_100 ,    0.24   , 0.62 (------  *------|------------  ), 0.00,  0.19,  0.24,  0.24,  0.81
   3 ,         grid_DTC_100 ,    0.5   ,  0.0 (               | *            ), 0.50,  0.50,  0.50,  0.50,  0.50
   3 ,       random_KNN_100 ,    0.65   , 0.25 (     --------- |      *       ), 0.16,  0.41,  0.65,  0.65,  0.66
   3 ,           de_KNN_100 ,    0.64   , 0.28 (            ---|-     *----   ), 0.35,  0.50,  0.64,  0.64,  0.78
   4 ,         grid_KNN_100 ,    0.86   , 0.04 (               |      ------ *), 0.65,  0.82,  0.86,  0.86,  0.86
