
rank ,                 name ,    med   ,  iqr 
----------------------------------------------------
   1 ,       random_SVM_100 ,    0.04   , 0.01 (  *            |              ), 0.02,  0.03,  0.04,  0.04,  0.04
   1 ,           de_SVM_100 ,    0.04   ,  0.0 (---*           |              ), 0.00,  0.04,  0.04,  0.04,  0.04
   2 ,         grid_SVM_100 ,    0.08   ,  0.0 (     *         |              ), 0.08,  0.08,  0.08,  0.08,  0.08
   3 ,         smac_KNN_100 ,    0.23   , 0.08 (               |*             ), 0.15,  0.15,  0.23,  0.23,  0.23
   4 ,       random_DTC_100 ,    0.32   , 0.04 (               | ---   *      ), 0.24,  0.28,  0.32,  0.32,  0.32
   4 ,            de_RF_100 ,    0.31   , 0.06 (               |      *---    ), 0.29,  0.30,  0.31,  0.31,  0.36
   4 ,         grid_DTC_100 ,    0.33   , 0.06 (               |-----  *-     ), 0.23,  0.30,  0.33,  0.33,  0.36
   4 ,           de_DTC_100 ,    0.33   , 0.02 (               |   --- *      ), 0.27,  0.31,  0.33,  0.33,  0.33
   4 ,          grid_RF_100 ,    0.32   , 0.03 (               |      -*-     ), 0.31,  0.32,  0.32,  0.32,  0.35
   4 ,          smac_RF_100 ,    0.33   , 0.02 (               |       *-     ), 0.33,  0.33,  0.33,  0.33,  0.35
   4 ,         smac_DTC_100 ,    0.33   , 0.02 (               |   ----*-     ), 0.28,  0.33,  0.33,  0.33,  0.35
   5 ,        random_RF_100 ,    0.36   , 0.03 (               |       -- *   ), 0.33,  0.35,  0.36,  0.36,  0.38
   5 ,           de_KNN_100 ,    0.37   , 0.02 (               |       ---*   ), 0.33,  0.36,  0.37,  0.37,  0.38
   5 ,         grid_KNN_100 ,    0.4   , 0.06 (               |       --    *), 0.32,  0.35,  0.40,  0.40,  0.41
   5 ,       random_KNN_100 ,    0.4   , 0.04 (               |       ---- * ), 0.33,  0.37,  0.40,  0.40,  0.41

rank ,                 name ,    med   ,  iqr 
----------------------------------------------------
   1 ,       random_SVM_100 ,    0.04   , 0.01 (  *            |              ), 0.02,  0.03,  0.04,  0.04,  0.04
   1 ,           de_SVM_100 ,    0.04   ,  0.0 (---*           |              ), 0.00,  0.04,  0.04,  0.04,  0.04
   2 ,         grid_SVM_100 ,    0.08   ,  0.0 (     *         |              ), 0.08,  0.08,  0.08,  0.08,  0.08
   3 ,         smac_KNN_100 ,    0.23   , 0.08 (               |*             ), 0.15,  0.15,  0.23,  0.23,  0.23
   4 ,       random_DTC_100 ,    0.32   , 0.04 (               | ---   *      ), 0.24,  0.28,  0.32,  0.32,  0.32
   4 ,            de_RF_100 ,    0.31   , 0.06 (               |      *---    ), 0.29,  0.30,  0.31,  0.31,  0.36
   4 ,         grid_DTC_100 ,    0.33   , 0.06 (               |-----  *-     ), 0.23,  0.30,  0.33,  0.33,  0.36
   4 ,           de_DTC_100 ,    0.33   , 0.02 (               |   --- *      ), 0.27,  0.31,  0.33,  0.33,  0.33
   4 ,          grid_RF_100 ,    0.32   , 0.03 (               |      -*-     ), 0.31,  0.32,  0.32,  0.32,  0.35
   4 ,          smac_RF_100 ,    0.33   , 0.02 (               |       *-     ), 0.33,  0.33,  0.33,  0.33,  0.35
   4 ,         smac_DTC_100 ,    0.33   , 0.02 (               |   ----*-     ), 0.28,  0.33,  0.33,  0.33,  0.35
   5 ,        random_RF_100 ,    0.36   , 0.03 (               |       -- *   ), 0.33,  0.35,  0.36,  0.36,  0.38
   5 ,           de_KNN_100 ,    0.37   , 0.02 (               |       ---*   ), 0.33,  0.36,  0.37,  0.37,  0.38
   5 ,         grid_KNN_100 ,    0.4   , 0.06 (               |       --    *), 0.32,  0.35,  0.40,  0.40,  0.41
   5 ,       random_KNN_100 ,    0.4   , 0.04 (               |       ---- * ), 0.33,  0.37,  0.40,  0.40,  0.41
