
rank ,                 name ,    med   ,  iqr 
----------------------------------------------------
   1 ,        random_KNN_25 ,    0.21   , 0.01 ( *             |              ), 0.19,  0.20,  0.21,  0.21,  0.21
   1 ,            de_KNN_25 ,    0.21   ,  0.0 (-*             |              ), 0.20,  0.21,  0.21,  0.21,  0.21
   1 ,          grid_KNN_25 ,    0.21   ,  0.0 ( *             |              ), 0.21,  0.21,  0.21,  0.21,  0.21
   1 ,          grid_SVM_25 ,    0.23   , 0.05 (--*-           |              ), 0.19,  0.23,  0.23,  0.23,  0.28
   1 ,           grid_RF_25 ,    0.25   ,  0.0 (   *           |              ), 0.25,  0.25,  0.25,  0.25,  0.25
   1 ,         random_RF_25 ,    0.26   , 0.02 (   *           |              ), 0.24,  0.24,  0.26,  0.26,  0.26
   1 ,             de_RF_25 ,    0.25   , 0.01 (   *           |              ), 0.25,  0.25,  0.25,  0.25,  0.26
   1 ,        random_DTC_25 ,    0.27   , 0.02 (  - *          |              ), 0.23,  0.26,  0.27,  0.27,  0.28
   1 ,            de_DTC_25 ,    0.29   , 0.04 (  -  *         |              ), 0.24,  0.25,  0.29,  0.29,  0.29
   1 ,          grid_DTC_25 ,    0.28   ,  0.0 (    *          |              ), 0.27,  0.28,  0.28,  0.28,  0.28
   1 ,        random_SVM_25 ,    0.5   ,  0.5 (---            *-----------   ), 0.18,  0.26,  0.50,  0.50,  0.76
   2 ,          smac_KNN_25 ,    0.73   ,  0.1 (               |        -*--- ), 0.70,  0.72,  0.73,  0.73,  0.82
   2 ,            de_SVM_25 ,    0.75   , 0.05 (               |--------- *   ), 0.52,  0.71,  0.75,  0.75,  0.76
   3 ,          smac_SVM_25 ,    0.78   , 0.05 (               |         -  * ), 0.73,  0.75,  0.78,  0.78,  0.80
   3 ,          smac_DTC_25 ,    0.79   , 0.01 (               |           -* ), 0.76,  0.79,  0.79,  0.79,  0.80
   3 ,           smac_RF_25 ,    0.8   ,  0.0 (               |            -*), 0.79,  0.80,  0.80,  0.80,  0.80
