

rank ,                 name ,    med   ,  iqr 
----------------------------------------------------
   1 ,         grid_DTC_100 ,    0.41   , 0.04 ( *             |              ), 0.38,  0.39,  0.41,  0.41,  0.43
   1 ,          grid_RF_100 ,    0.41   , 0.01 ( *             |              ), 0.40,  0.40,  0.41,  0.41,  0.41
   1 ,            de_RF_100 ,    0.41   , 0.01 ( *             |              ), 0.40,  0.41,  0.41,  0.41,  0.42
   1 ,       random_DTC_100 ,    0.42   , 0.01 (  *            |              ), 0.41,  0.41,  0.42,  0.42,  0.42
   1 ,           de_SVM_100 ,    0.42   , 0.01 (  *            |              ), 0.42,  0.42,  0.42,  0.42,  0.43
   1 ,        random_RF_100 ,    0.43   , 0.01 ( -*            |              ), 0.41,  0.42,  0.43,  0.43,  0.43
   1 ,       random_SVM_100 ,    0.43   , 0.01 (  *            |              ), 0.42,  0.42,  0.43,  0.43,  0.43
   1 ,         grid_SVM_100 ,    0.43   , 0.01 (  *            |              ), 0.42,  0.42,  0.43,  0.43,  0.43
   1 ,           de_DTC_100 ,    0.43   , 0.02 ( - *           |              ), 0.41,  0.43,  0.43,  0.43,  0.45
   1 ,         grid_KNN_100 ,    0.44   , 0.01 (  -*           |              ), 0.42,  0.43,  0.44,  0.44,  0.44
   1 ,           de_KNN_100 ,    0.44   , 0.01 (   *           |              ), 0.44,  0.44,  0.44,  0.44,  0.45
   1 ,       random_KNN_100 ,    0.44   , 0.01 (   *           |              ), 0.44,  0.44,  0.44,  0.44,  0.45
   2 ,         smac_SVM_100 ,    0.86   , 0.01 (               |        ---*  ), 0.81,  0.86,  0.86,  0.86,  0.87
   2 ,         smac_KNN_100 ,    0.87   ,  0.0 (               |           -* ), 0.86,  0.87,  0.87,  0.87,  0.87
   2 ,         smac_DTC_100 ,    0.89   , 0.02 (               |          -- *), 0.83,  0.87,  0.89,  0.89,  0.89
   2 ,          smac_RF_100 ,    0.9   , 0.03 (               |             *), 0.87,  0.87,  0.90,  0.90,  0.90
