
rank ,                 name ,    med   ,  iqr 
----------------------------------------------------
   1 ,            de_SVM_50 ,    0.03   , 0.04 (  *            |              ), 0.00,  0.00,  0.03,  0.03,  0.04
   1 ,        random_SVM_50 ,    0.04   , 0.01 (  *            |              ), 0.02,  0.03,  0.04,  0.04,  0.04
   2 ,          grid_SVM_50 ,    0.05   ,  0.0 (   *           |              ), 0.05,  0.05,  0.05,  0.05,  0.05
   3 ,          smac_KNN_50 ,    0.15   , 0.02 (          *    |              ), 0.12,  0.12,  0.15,  0.15,  0.15
   4 ,          grid_DTC_50 ,    0.27   , 0.07 (      ---------|   *          ), 0.09,  0.21,  0.27,  0.27,  0.28
   4 ,          smac_DTC_50 ,    0.3   , 0.02 (            ---|---  *        ), 0.17,  0.28,  0.30,  0.30,  0.30
   4 ,        random_DTC_50 ,    0.32   , 0.04 (               | ---   *      ), 0.24,  0.28,  0.32,  0.32,  0.32
   4 ,             de_RF_50 ,    0.31   , 0.03 (               |      *       ), 0.30,  0.30,  0.31,  0.31,  0.33
   4 ,          smac_SVM_50 ,    0.33   ,  0.1 (            ---|-----  *----- ), 0.17,  0.30,  0.33,  0.33,  0.40
   4 ,            de_DTC_50 ,    0.33   , 0.02 (          -----|------ *      ), 0.15,  0.31,  0.33,  0.33,  0.33
   4 ,           smac_RF_50 ,    0.33   ,  0.0 (               |     --*      ), 0.30,  0.33,  0.33,  0.33,  0.33
   5 ,            de_KNN_50 ,    0.36   , 0.01 (               |       --*    ), 0.33,  0.35,  0.36,  0.36,  0.36
   5 ,         random_RF_50 ,    0.36   , 0.03 (               |       -- *   ), 0.33,  0.35,  0.36,  0.36,  0.38
   5 ,          grid_KNN_50 ,    0.38   , 0.03 (               |           *  ), 0.35,  0.36,  0.38,  0.38,  0.39
   5 ,           grid_RF_50 ,    0.38   , 0.01 (               |         - *  ), 0.35,  0.37,  0.38,  0.38,  0.38
   5 ,        random_KNN_50 ,    0.4   , 0.04 (               |       ---- * ), 0.33,  0.37,  0.40,  0.40,  0.41
