
rank ,                 name ,    med   ,  iqr 
----------------------------------------------------
   1 ,          grid_DTC_50 ,    0.38   , 0.02 (*              |              ), 0.38,  0.38,  0.38,  0.38,  0.40
   1 ,           grid_RF_50 ,    0.4   ,  0.0 (-*             |              ), 0.40,  0.40,  0.40,  0.40,  0.40
   2 ,        random_DTC_50 ,    0.42   , 0.01 (  *            |              ), 0.41,  0.41,  0.42,  0.42,  0.42
   2 ,          grid_SVM_50 ,    0.42   ,  0.0 (  *            |              ), 0.42,  0.42,  0.42,  0.42,  0.42
   2 ,         random_RF_50 ,    0.43   , 0.01 ( -*            |              ), 0.41,  0.42,  0.43,  0.43,  0.43
   2 ,            de_DTC_50 ,    0.42   , 0.01 (--*            |              ), 0.40,  0.42,  0.42,  0.42,  0.43
   2 ,             de_RF_50 ,    0.43   , 0.01 (  *            |              ), 0.42,  0.42,  0.43,  0.43,  0.43
   2 ,        random_SVM_50 ,    0.43   , 0.01 (  *            |              ), 0.42,  0.42,  0.43,  0.43,  0.43
   2 ,            de_SVM_50 ,    0.43   , 0.01 (  *            |              ), 0.42,  0.42,  0.43,  0.43,  0.43
   2 ,          grid_KNN_50 ,    0.43   , 0.01 (  *            |              ), 0.42,  0.42,  0.43,  0.43,  0.43
   3 ,        random_KNN_50 ,    0.44   , 0.01 (   *           |              ), 0.44,  0.44,  0.44,  0.44,  0.45
   3 ,            de_KNN_50 ,    0.45   , 0.01 (   *           |              ), 0.44,  0.44,  0.45,  0.45,  0.45
   4 ,          smac_SVM_50 ,    0.86   , 0.02 (               |          -*  ), 0.83,  0.85,  0.86,  0.86,  0.87
   4 ,          smac_KNN_50 ,    0.87   , 0.01 (               |            * ), 0.86,  0.86,  0.87,  0.87,  0.87
   4 ,          smac_DTC_50 ,    0.87   , 0.02 (               |           -* ), 0.86,  0.87,  0.87,  0.87,  0.89
   4 ,           smac_RF_50 ,    0.9   , 0.03 (               |             *), 0.87,  0.87,  0.90,  0.90,  0.90
