
rank ,                 name ,    med   ,  iqr 
----------------------------------------------------
   1 ,         grid_KNN_100 ,    0.21   , 0.01 ( *             |              ), 0.20,  0.20,  0.21,  0.21,  0.21
   1 ,       random_KNN_100 ,    0.21   , 0.01 ( *             |              ), 0.19,  0.20,  0.21,  0.21,  0.21
   1 ,           de_KNN_100 ,    0.21   ,  0.0 (-*             |              ), 0.19,  0.21,  0.21,  0.21,  0.21
   1 ,         grid_SVM_100 ,    0.23   , 0.53 (  *------------|---------     ), 0.23,  0.23,  0.23,  0.23,  0.76
   1 ,          grid_RF_100 ,    0.25   ,  0.0 (   *           |              ), 0.25,  0.25,  0.25,  0.25,  0.25
   1 ,        random_RF_100 ,    0.26   , 0.02 (   *           |              ), 0.24,  0.24,  0.26,  0.26,  0.26
   1 ,            de_RF_100 ,    0.25   , 0.01 (  -*           |              ), 0.25,  0.25,  0.25,  0.25,  0.26
   1 ,           de_DTC_100 ,    0.26   , 0.02 (  -*           |              ), 0.25,  0.26,  0.26,  0.26,  0.28
   1 ,         grid_DTC_100 ,    0.26   ,  0.0 (   *           |              ), 0.25,  0.26,  0.26,  0.26,  0.26
   1 ,       random_DTC_100 ,    0.27   , 0.02 (  - *          |              ), 0.23,  0.26,  0.27,  0.27,  0.28
   1 ,       random_SVM_100 ,    0.5   ,  0.5 (---          *-|---------     ), 0.18,  0.26,  0.50,  0.50,  0.76
   2 ,         smac_KNN_100 ,    0.73   , 0.03 (               |       *-     ), 0.73,  0.73,  0.73,  0.73,  0.76
   2 ,           de_SVM_100 ,    0.76   , 0.04 (              -|-------  *    ), 0.52,  0.72,  0.76,  0.76,  0.76
   3 ,          smac_RF_100 ,    0.8   , 0.01 (               |          *   ), 0.79,  0.79,  0.80,  0.80,  0.80
   3 ,         smac_DTC_100 ,    0.8   , 0.03 (               |         -*   ), 0.76,  0.79,  0.80,  0.80,  0.82
   3 ,         smac_SVM_100 ,    0.82   , 0.07 (               |           *- ), 0.80,  0.80,  0.82,  0.82,  0.87
