
rank ,                 name ,    med   ,  iqr 
----------------------------------------------------
   1 ,         random_RF_25 ,    0.0   ,  0.0 (*              |              ), 0.00,  0.00,  0.00,  0.00,  0.00
   1 ,           grid_RF_25 ,    0.0   ,  0.0 (*              |              ), 0.00,  0.00,  0.00,  0.00,  0.00
   1 ,          grid_DTC_25 ,    0.0   ,  0.0 (*              |              ), 0.00,  0.00,  0.00,  0.00,  0.00
   1 ,          grid_SVM_25 ,    0.0   ,  0.0 (*              |              ), 0.00,  0.00,  0.00,  0.00,  0.00
   2 ,        random_SVM_25 ,    0.03   , 0.02 ( *             |              ), 0.02,  0.02,  0.03,  0.03,  0.04
   2 ,          smac_KNN_25 ,    0.05   , 0.03 ( *             |              ), 0.01,  0.02,  0.05,  0.05,  0.05
   2 ,            de_SVM_25 ,    0.09   , 0.04 (-  *           |              ), 0.02,  0.05,  0.09,  0.09,  0.09
   3 ,          smac_SVM_25 ,    0.19   , 0.22 (      *--      |              ), 0.04,  0.05,  0.19,  0.19,  0.27
   3 ,           smac_RF_25 ,    0.17   , 0.03 (   --*         |              ), 0.11,  0.15,  0.17,  0.17,  0.18
   3 ,          smac_DTC_25 ,    0.18   , 0.02 (  --- *        |              ), 0.07,  0.17,  0.18,  0.18,  0.19
   3 ,             de_RF_25 ,    0.22   , 0.06 (-----  *       |              ), 0.00,  0.17,  0.22,  0.22,  0.23
   3 ,        random_DTC_25 ,    0.24   , 0.62 (------  *------|------------  ), 0.00,  0.19,  0.24,  0.24,  0.81
   3 ,            de_DTC_25 ,    0.28   , 0.32 (-----    *-----|              ), 0.00,  0.15,  0.28,  0.28,  0.47
   4 ,            de_KNN_25 ,    0.38   , 0.03 (            -* |              ), 0.35,  0.38,  0.38,  0.38,  0.41
   4 ,        random_KNN_25 ,    0.65   , 0.25 (     --------- |      *       ), 0.16,  0.41,  0.65,  0.65,  0.66
   5 ,          grid_KNN_25 ,    0.86   , 0.21 (               |             *), 0.65,  0.65,  0.86,  0.86,  0.86
