
rank ,                 name ,    med   ,  iqr 
----------------------------------------------------
   1 ,          grid_SVM_25 ,    0.0   , 0.03 (*              |              ), 0.00,  0.00,  0.00,  0.00,  0.03
   1 ,        random_SVM_25 ,    0.04   , 0.01 (  *            |              ), 0.02,  0.03,  0.04,  0.04,  0.04
   1 ,            de_SVM_25 ,    0.05   , 0.02 (-- *           |              ), 0.00,  0.03,  0.05,  0.05,  0.05
   2 ,          smac_KNN_25 ,    0.2   , 0.08 (       ---    *|              ), 0.10,  0.15,  0.20,  0.20,  0.23
   3 ,          grid_DTC_25 ,    0.27   , 0.01 (             --|---*          ), 0.19,  0.27,  0.27,  0.27,  0.28
   3 ,          smac_SVM_25 ,    0.35   , 0.17 (          -----|         *--- ), 0.15,  0.23,  0.35,  0.35,  0.40
   3 ,          smac_DTC_25 ,    0.3   , 0.07 (            ---|---  *---     ), 0.17,  0.28,  0.30,  0.30,  0.35
   3 ,        random_DTC_25 ,    0.32   , 0.04 (               | ---   *      ), 0.24,  0.28,  0.32,  0.32,  0.32
   3 ,            de_DTC_25 ,    0.37   , 0.12 (             --|---        *  ), 0.19,  0.26,  0.37,  0.37,  0.38
   3 ,             de_RF_25 ,    0.35   , 0.05 (               |   --    *    ), 0.27,  0.30,  0.35,  0.35,  0.35
   3 ,           smac_RF_25 ,    0.33   ,  0.0 (               |       *      ), 0.33,  0.33,  0.33,  0.33,  0.33
   4 ,         random_RF_25 ,    0.36   , 0.03 (               |       -- *   ), 0.33,  0.35,  0.36,  0.36,  0.38
   4 ,           grid_RF_25 ,    0.36   , 0.01 (               |        -*    ), 0.34,  0.36,  0.36,  0.36,  0.37
   4 ,        random_KNN_25 ,    0.4   , 0.04 (               |       ---- * ), 0.33,  0.37,  0.40,  0.40,  0.41
   4 ,          grid_KNN_25 ,    0.39   , 0.02 (               |          --* ), 0.37,  0.39,  0.39,  0.39,  0.41
   4 ,            de_KNN_25 ,    0.4   , 0.03 (               |      -----  *), 0.31,  0.38,  0.40,  0.40,  0.41
