
rank ,                 name ,    med   ,  iqr 
----------------------------------------------------
   1 ,          grid_KNN_50 ,    0.2   , 0.01 (  *            |              ), 0.20,  0.20,  0.20,  0.20,  0.21
   1 ,        random_KNN_50 ,    0.21   , 0.01 (  *            |              ), 0.19,  0.20,  0.21,  0.21,  0.21
   1 ,            de_KNN_50 ,    0.21   ,  0.0 ( -*            |              ), 0.20,  0.21,  0.21,  0.21,  0.21
   1 ,           grid_RF_50 ,    0.25   ,  0.0 (   *           |              ), 0.25,  0.25,  0.25,  0.25,  0.25
   1 ,         random_RF_50 ,    0.26   , 0.02 (   *           |              ), 0.24,  0.24,  0.26,  0.26,  0.26
   1 ,             de_RF_50 ,    0.25   ,  0.0 (   *           |              ), 0.25,  0.25,  0.25,  0.25,  0.25
   1 ,            de_DTC_50 ,    0.25   , 0.01 (   *           |              ), 0.24,  0.25,  0.25,  0.25,  0.26
   1 ,            de_SVM_50 ,    0.29   , 0.48 (--   *---------|---           ), 0.14,  0.23,  0.29,  0.29,  0.71
   1 ,        random_DTC_50 ,    0.27   , 0.02 (   -*          |              ), 0.23,  0.26,  0.27,  0.27,  0.28
   1 ,          grid_DTC_50 ,    0.28   , 0.02 (   -*          |              ), 0.25,  0.28,  0.28,  0.28,  0.30
   1 ,        random_SVM_50 ,    0.5   ,  0.5 ( ---        *--|-----         ), 0.18,  0.26,  0.50,  0.50,  0.76
   2 ,          smac_KNN_50 ,    0.75   , 0.01 (               |    -*        ), 0.73,  0.75,  0.75,  0.75,  0.76
   2 ,          grid_SVM_50 ,    0.75   , 0.25 (            ---|-----*------- ), 0.50,  0.75,  0.75,  0.75,  1.00
   2 ,          smac_SVM_50 ,    0.78   , 0.03 (               |   -- *       ), 0.70,  0.75,  0.78,  0.78,  0.78
   2 ,          smac_DTC_50 ,    0.8   , 0.04 (               |       *      ), 0.75,  0.76,  0.80,  0.80,  0.80
   2 ,           smac_RF_50 ,    0.8   ,  0.0 (               |      -*      ), 0.79,  0.80,  0.80,  0.80,  0.80
